CUTE-1 (CO-55)          
1 27844U 03031E   14321.65346351  .00000555  00000-0  27291-3 0   716
2 27844  98.6973 328.2201 0009846 185.9679 293.3837 14.21619970590389
CUBESAT XI-IV (CO-57)   
1 27848U 03031J   14321.83433164  .00000470  00000-0  23552-3 0   137
2 27848  98.7070 328.1933 0009597 192.3419 291.3432 14.21292938590324
CUBESAT XI-V (CO-58)    
1 28895U 05043F   14320.07843808  .00001736  00000-0  35293-3 0  9220
2 28895  97.8230 154.0137 0016204 248.9883 110.9586 14.62206702482441
NTS (CANX-6)            
1 32784U 08021B   14321.11523679  .00003595  00000-0  42893-3 0  1162
2 32784  97.6791   5.0513 0015812  51.8155  40.5701 14.84777819354589
CUTE-1.7+APD II (CO-65) 
1 32785U 08021C   14321.12659604  .00005002  00000-0  57889-3 0  1179
2 32785  97.6809   7.2746 0014659  50.4904 333.9076 14.85871976354738
COMPASS-1               
1 32787U 08021E   14321.11964118  .00008074  00000-0  86367-3 0  1017
2 32787  97.6834  10.1910 0014269  40.9554 319.2732 14.88914799354938
DELFI-C3 (DO-64)        
1 32789U 08021G   14321.71038185  .00017752  00000-0  15987-2 0  1338
2 32789  97.7038  20.0285 0011573  18.8554  94.9268 14.95603268355421
CANX-2                  
1 32790U 08021H   14321.10209394  .00004135  00000-0  48146-3 0  1071
2 32790  97.6768   6.3929 0015374  51.0479 337.8488 14.85714025354696
SEEDS II (CO-66)        
1 32791U 08021J   14321.69281991  .00006274  00000-0  69829-3 0   839
2 32791  97.6831   9.1735 0015148  43.6610 316.5802 14.87372823354868
SWISSCUBE               
1 35932U 09051B   14321.79661272  .00002752  00000-0  65243-3 0  4622
2 35932  98.3918  74.4796 0006834 267.2741  92.7674 14.54796601273223
BEESAT                  
1 35933U 09051C   14321.26987836  .00001911  00000-0  45382-3 0  7353
2 35933  98.3924  74.7752 0004922 284.4155  75.6495 14.55061247273236
ITUPSAT 1               
1 35935U 09051E   14321.30452768  .00001726  00000-0  41742-3 0  6417
2 35935  98.4026  75.0462 0007340 272.2465  87.7891 14.54337472273127
TISAT 1                 
1 36799U 10035E   14321.82930382  .00009415  00000-0  10633-2 0  7160
2 36799  98.0188  55.0561 0013770 175.2328 304.3155 14.86676890235532
M-CUBED & EXP-1 PRIME   
1 37855U 11061F   14321.24035057  .00013939  00000-0  89452-3 0  9822
2 37855 101.7078  65.5929 0208976 331.3870  27.5994 14.92428164165488
MASAT 1 (MO-72)         
1 38081U 12006E   14322.20115253  .00279278  23623-4  16818-2 0  5986
2 38081  69.4381 295.1933 0209612 127.7784 304.4743 15.52843735146943
AAUSAT3                 
1 39087U 13009B   14322.11748691  .00001073  00000-0  39368-3 0  5640
2 39087  98.6078 156.1315 0012259 208.6085 151.4422 14.34771659 90383
STRAND-1                
1 39090U 13009E   14320.11130264  .00000394  00000-0  15510-3 0  5102
2 39090  98.6165 154.6042 0008850 210.1595 149.9082 14.34643887 90093
BRITE-AUSTRIA           
1 39091U 13009F   14321.29653385  .00000393  00000-0  15432-3 0  5244
2 39091  98.6111 155.5453 0010029 216.3816 143.6688 14.34766934 90278
UNIBRITE                
1 39092U 13009G   14321.28219527  .00000402  00000-0  15777-3 0  5344
2 39092  98.6109 155.3810 0009095 208.4930 151.5758 14.34639595 90279
DOVE-2                  
1 39132U 13015C   14322.13000727  .00006149  00000-0  46445-3 0  6566
2 39132  64.8786  18.2476 0040302 276.8413  82.8184 15.02611204 86699
AIST-2                  
1 39133U 13015D   14322.16515614  .00004048  00000-0  31818-3 0  6627
2 39133  64.8780  18.8735 0039224 276.4494  83.2159 15.01690134 86688
SOMP                    
1 39134U 13015E   14321.63292260  .00018095  00000-0  11752-2 0  7709
2 39134  64.8763  12.2182 0036328 283.3682  76.3390 15.07592232 86767
BEESAT-2                
1 39136U 13015G   14321.63797198  .00015579  00000-0  10394-2 0  7515
2 39136  64.8767  13.2293 0036505 283.3746  76.3307 15.06668552 86749
NEE-01 PEGASUS          
1 39151U 13018B   14321.80917607  .00004464  00000-0  62359-3 0  4992
2 39151  98.0340  41.6658 0017272 212.3171 147.6983 14.78045159 84230
CUBEBUG-1 (CAPITAN BETO)
1 39153U 13018D   14321.77389645  .00004579  00000-0  63623-3 0  6461
2 39153  98.0345  41.7277 0017186 212.2791 147.7369 14.78262343 84231
ESTCUBE 1               
1 39161U 13021C   14322.10763557  .00002400  00000-0  40433-3 0  6713
2 39161  98.0864  41.8247 0008559 267.1309  92.8936 14.70422179 82215
POPACS 1                
1 39268U 13055D   14321.85328445  .00027512  00000-0  88814-3 0  3681
2 39268  81.0154 259.9906 0736833  72.0460 295.9584 14.10529524 58141
POPACS 2                
1 39269U 13055E   14321.56307534  .00017403  00000-0  55555-3 0  3365
2 39269  80.9942 261.6389 0758905  77.1757 291.3043 14.06096500 58013
POPACS 3                
1 39270U 13055F   14321.52657494  .00012289  00000-0  40247-3 0  3231
2 39270  80.9968 262.5339 0767842  79.7294 288.9467 14.03627447 57964
PHONESAT 2.4            
1 39381U 13064B   14320.29330591  .00036545  00000-0  11580-2 0  2825
2 39381  40.5021 292.4968 0008292 204.9092 155.1321 15.31958752 55188
CAPE-2                  
1 39382U 13064C   14295.69194059  .07301741  00000-0  36367-2 0  4875
2 39382  40.4713  30.2705 0002289 341.7175  18.4586 16.19795749470823
KYSAT II                
1 39384U 13064E   14321.73509256  .00170695  00000-0  28021-2 0  4223
2 39384  40.4943 262.3701 0019068 235.3575 124.5447 15.50822014 55654
ORSES                   
1 39386U 13064G   14321.13832763  .00050717  00000-0  14393-2 0  3522
2 39386  40.5004 282.9940 0006734 224.1240 135.9037 15.35341528 55064
ORS TECH 1              
1 39387U 13064H   14321.84380729  .00121935  00000-0  23778-2 0  3901
2 39387  40.5165 266.6065 0016599 232.4819 127.4491 15.46158707 55623
PROMETHEUS 1-4          
1 39390U 13064L   14321.81078275  .00055001  00000-0  15283-2 0  3386
2 39390  40.5009 278.4091 0007848 226.7473 133.2687 15.35963020 54657
PROMETHEUS 1-2          
1 39391U 13064M   14321.23018699  .00054085  00000-0  15055-2 0  3352
2 39391  40.5011 281.9287 0007702 223.8605 136.1598 15.35914781 53327
PROMETHEUS 1-5          
1 39393U 13064P   14321.81972028  .00057246  00000-0  15691-2 0  3395
2 39393  40.5196 278.1289 0010440 229.9936 129.9963 15.36350514 54618
PROMETHEUS 1-6          
1 39394U 13064Q   14321.79711540  .00056702  00000-0  15751-2 0  3318
2 39394  40.5177 278.8174 0010158 225.9764 134.0214 15.35941612 54574
ORS TECH 2              
1 39396U 13064S   14321.84073553  .00113498  00000-0  22808-2 0  3835
2 39396  40.5149 267.4617 0016023 233.8606 126.0729 15.45330823 54716
FIREFLY                 
1 39404U 13064AA  14321.14383612  .00031987  00000-0  10389-2 0  2931
2 39404  40.5171 288.9684 0005382 230.3193 129.7145 15.31234069 54736
VERMONT LUNAR           
1 39407U 13064AD  14321.23973696  .00055721  00000-0  15260-2 0  3140
2 39407  40.5223 281.7628 0008259 229.4638 130.5458 15.36406951 53153
PROMETHEUS 1-3          
1 39408U 13064AE  14321.79655089  .00055646  00000-0  15423-2 0  3254
2 39408  40.5015 278.3151 0008262 229.0198 130.9902 15.36034555 55356
ZACUBE-1 (TSHEPISOSAT)  
1 39417U 13066B   14321.13976951  .00004582  00000-0  61076-3 0  4663
2 39417  97.7605  26.4184 0062964 106.5318 254.2823 14.78706999 53291
WNISAT-1                
1 39423U 13066H   14322.13890137  .00001338  00000-0  27799-3 0   231
2 39423  97.7338  12.3979 0178571 141.8291 219.5715 14.52015778 52474
CINEMA-2 (KHUSAT-2)     
1 39424U 13066J   14321.13387006  .00003345  00000-0  51764-3 0  3239
2 39424  97.7525  21.9359 0096639 116.0861 245.0331 14.70744335 52995
CINEMA-3 (KHUSAT-2)     
1 39426U 13066L   14321.09682145  .00002676  00000-0  43509-3 0  3096
2 39426  97.7486  20.3766 0108235 120.0566 241.1428 14.68009880 52890
TRITON-1                
1 39427U 13066M   14321.80302439  .00004131  00000-0  68894-3 0  3183
2 39427  97.7479  19.7356 0118600 121.2271 240.0620 14.65871487 52892
GOMX 1                  
1 39430U 13066Q   14322.07064062  .00002802  00000-0  53224-3 0  9926
2 39430  97.7381  15.1715 0156539 134.0029 227.4199 14.57297955 52627
BRITE-PL                
1 39431U 13066R   14321.71069241  .00000995  00000-0  22384-3 0  3008
2 39431  97.7295   8.8280 0205311 152.8899 208.3197 14.46186950 52192
HUMSAT-D                
1 39433U 13066T   14321.18261344  .00009159  00000-0  10043-2 0  3266
2 39433  97.7664  31.1475 0034910 101.6670 258.8468 14.87496227 53573
EAGLE 2                 
1 39436U 13066W   14321.75781024  .00045865  00000-0  41471-2 0  4088
2 39436  97.7677  33.2931 0024501 100.3418 260.0566 14.95034400 53777
VELOX-PII               
1 39438U 13066Y   14321.73222587  .00003880  00000-0  54706-3 0  3099
2 39438  97.7579  25.4299 0074557 107.5776 253.3597 14.75885147 53276
CUBEBUG-2 (LO-74)       
1 39440U 13066AA  14321.76201567  .00004870  00000-0  71293-3 0  3146
2 39440  97.7559  24.1179 0084838 110.3246 250.7105 14.73609540 53193
NEE-02 KRYSAOR          
1 39441U 13066AB  14321.12843119  .00003159  00000-0  46866-3 0  3026
2 39441  97.7546  23.3839 0085555 112.7104 248.3176 14.73246775 53053
FUNCUBE-1 (AO-73)       
1 39444U 13066AE  14321.16646878  .00006046  00000-0  79787-3 0  3088
2 39444  97.7605  26.5377 0062539 106.1338 254.6770 14.79027391 52075
UWE-3                   
1 39446U 13066AG  14321.16640033  .00005095  00000-0  71313-3 0  3166
2 39446  97.7578  24.9353 0074300 109.1924 251.7346 14.76066838 51976
FLOCK 1-12              
1 39528U 98067DT  14299.56410994  .27242302  12636-4  42606-3 0  7353
2 39528  51.5977 132.5895 0006066 277.9102  82.6866 16.48045707 39899
FLOCK 1-18              
1 39556U 98067DZ  14301.96811067  .10009213  12432-4  57300-3 0  6969
2 39556  51.6087 121.7236 0005110 258.0379 102.0426 16.41849318 38360
SKYCUBE                 
1 39567U 98067EL  14312.60967640  .11651308  12461-4  59931-3 0  7439
2 39567  51.6384  68.2430 0001045 146.3745 213.8662 16.42726341 39750
BRITE-TORONTO           
1 40020U 14033L   14321.95041848  .00001232  00000-0  22263-3 0  4594
2 40020  97.9560 211.9597 0089987  78.1324 282.9955 14.65562719 22037
DUCHIFAT-1              
1 40021U 14033M   14321.64781301  .00005683  00000-0  65150-3 0  4480
2 40021  97.9661 216.6073 0014421 151.0060 209.1979 14.86230769 22363
NANOSATC-BR1            
1 40024U 14033Q   14321.99698135  .00004930  00000-0  56865-3 0  4402
2 40024  97.9642 216.8993 0014571 147.6522 212.5616 14.86042573 22414
QB50P1                  
1 40025U 14033R   14322.07036779  .00004058  00000-0  47110-3 0  4474
2 40025  97.9641 216.9535 0014105 148.3593 211.8488 14.85889224 22438
FLOCK 1C-7              
1 40026U 14033S   14322.06330441  .00002566  00000-0  29950-3 0  4448
2 40026  97.9729 217.0676 0012562 148.5834 211.6140 14.86015661 22439
FLOCK 1C-1              
1 40027U 14033T   14322.07910498  .00003828  00000-0  44668-3 0  4463
2 40027  97.9741 217.0447 0013651 149.2594 210.9460 14.85716766 22431
POPSAT-HIP-1            
1 40028U 14033U   14322.15423305  .00004009  00000-0  46725-3 0  4658
2 40028  97.9699 217.0712 0015209 146.3271 213.8930 14.85724314 22432
FLOCK 1C-2              
1 40029U 14033V   14322.02849121  .00014705  00000-0  16891-2 0  4512
2 40029  97.9704 216.9499 0016019 148.4928 211.7259 14.85834820 22415
FLOCK 1C-4              
1 40031U 14033X   14322.08816916  .00002910  00000-0  34055-3 0  4447
2 40031  97.9722 217.0310 0015639 143.2758 216.9537 14.85767054 22413
QB50P2                  
1 40032U 14033Y   14322.11052766  .00004046  00000-0  47452-3 0  4512
2 40032  97.9645 216.9002 0013027 140.8313 219.3862 14.85478044 22431
FLOCK 1C-11             
1 40033U 14033Z   14322.03456606  .00004795  00000-0  55543-3 0  4246
2 40033  97.9699 216.9620 0014126 140.1096 220.1146 14.85886886 22420
ANTELSAT                
1 40034U 14033AA  14322.15546301  .00003138  00000-0  49594-3 0  4487
2 40034  97.9650 213.6701 0062740  75.1975 285.6223 14.71705957 22246
FLOCK 1C-9              
1 40035U 14033AB  14322.17430987  .00014883  00000-0  17108-2 0  4396
2 40035  97.9737 217.1146 0014065 139.1931 221.0412 14.85822185 22438
FLOCK 1C-6              
1 40036U 14033AC  14321.71240892  .00017060  00000-0  19694-2 0  4415
2 40036  97.9707 216.6419 0013869 139.4024 221.1078 14.85617195 22375
PERSEUS-M2              
1 40037U 14033AD  14321.66610572  .00001889  00000-0  22760-3 0  4585
2 40037  97.9730 216.4885 0015065 143.8738 216.3501 14.84998627 22354
FLOCK 1C-5              
1 40038U 14033AE  14322.19269794  .00003309  00000-0  38957-3 0  4484
2 40038  97.9730 217.0842 0016675 138.9544 221.3011 14.85415529 22430
PERSEUS-M1              
1 40039U 14033AF  14322.17332085  .00001978  00000-0  24000-3 0  4560
2 40039  97.9744 216.9467 0014973 135.6270 224.6173 14.84648934 22438
FLOCK 1C-8              
1 40040U 14033AG  14321.93109057  .00007909  00000-0  91553-3 0  4495
2 40040  97.9763 216.8287 0015006 133.8297 226.4175 14.85702423 22399
FLOCK 1C-3              
1 40041U 14033AH  14321.92783137  .00003615  00000-0  42529-3 0  4503
2 40041  97.9747 216.8298 0014917 134.0426 226.2013 14.85400777 22397
POLYITAN-1              
1 40042U 14033AJ  14322.10634887  .00005125  00000-0  60619-3 0  4566
2 40042  97.9732 216.8996 0016455 134.3894 225.8694 14.84971290 22413
TIGRISAT                
1 40043U 14033AK  14322.06224516  .00002220  00000-0  34639-3 0  4506
2 40043  97.9622 213.7588 0063417  79.5590 281.2773 14.72531281 22095
LEMUR-1                 
1 40044U 14033AL  14322.13980874  .00002219  00000-0  34741-3 0  4468
2 40044  97.9605 213.8188 0062517  79.1455 281.6807 14.72427561 22110
AEROCUBE 6A             
1 40045U 14033AM  14322.14323904  .00004739  00000-0  74039-3 0  4457
2 40045  97.9620 213.6895 0062836  75.3939 285.4307 14.71954685 21960
AEROCUBE 6B             
1 40046U 14033AN  14322.14399998  .00004599  00000-0  71881-3 0  4450
2 40046  97.9615 213.6834 0062470  75.4503 285.3654 14.71964008 22099
UKUBE-1                 
1 40074U 14037F   14322.12245656  .00003977  00000-0  52116-3 0  4262
2 40074  98.3858  19.8499 0004385 192.8221 167.2919 14.80950618 19583
CHASQUI-1               
1 40117U 98067ET  14322.12149321  .00190135  00000-0  17493-2 0  2851
2 40117  51.6441  52.4496 0008450 342.4102  90.4776 15.66490581 14237
BRITE-PL 2              
1 40119U 14049B   14321.81869551 -.00000055  00000-0  00000+0 0  1281
2 40119  98.0115  33.3426 0016906 281.8097  78.1306 14.82768062 13439
FLOCK 1B-24             
1 40122U 98067EU  14322.13136899  .00110831  00000-0  12486-2 0  2665
2 40122  51.6418  53.2670 0004482   1.1411  67.3983 15.61683358 49808
FLOCK 1B-23             
1 40123U 98067EV  14322.13948410  .00112508  00000-0  12825-2 0  2688
2 40123  51.6424  53.3273 0004690 356.2936  73.7098 15.61369383 49800
FLOCK 1B-26             
1 40124U 98067EW  14322.13859426  .00424838  00000-0  30901-2 0  2684
2 40124  51.6392  51.7999 0009825 329.0844 101.5000 15.71464395 67851
FLOCK 1B-25             
1 40125U 98067EX  14321.86154117  .00109006  00000-0  12038-2 0  2722
2 40125  51.6403  54.4076 0003561 318.6586 137.5803 15.62208643 49794
FLOCK 1B-15             
1 40126U 98067EY  14322.08896983  .00148290  00000-0  15061-2 0  2853
2 40126  51.6381  52.9954 0008073 353.5095  68.6476 15.64162545 49853
FLOCK 1B-16             
1 40127U 98067EZ  14322.10813338  .00391191  00000-0  27746-2 0  2561
2 40127  51.6452  52.3644 0010941   8.4485  58.3679 15.72146053 49866
FLOCK 1B-1              
1 40131U 98067FA  14322.11541873  .00144950  00000-0  15782-2 0  1968
2 40131  51.6419  53.1502 0007553 355.6574  74.5836 15.62405785 13750
FLOCK 1B-2              
1 40132U 98067FB  14322.10264215  .00108759  00000-0  11994-2 0  1913
2 40132  51.6414  53.0904 0003542 357.1648  66.5317 15.62246829 13728
FLOCK 1B-8              
1 40133U 98067FC  14322.11144443  .00104188  00000-0  11313-2 0  2058
2 40133  51.6410  53.1395 0007307 346.1442  80.9052 15.62642546 50029
FLOCK 1B-7              
1 40134U 98067FD  14322.12457494  .00117604  00000-0  12903-2 0  1910
2 40134  51.6437  53.2228 0007110 355.2583  77.7689 15.62320349 50028
FLOCK 1B-18             
1 40139U 98067FE  14322.09222949  .00157112  00000-0  17491-2 0  2103
2 40139  51.6378  53.7720 0008514 341.4214  81.5942 15.61778301 11482
FLOCK 1B-17             
1 40140U 98067FF  14322.12492182  .00096531  00000-0  11406-2 0  2182
2 40140  51.6448  53.9702 0007555 349.0776  83.5999 15.60487722 11482
