BEIJING 1               
1 28890U 05043A   15042.06825516  .00000483  00000-0  10737-3 0  9990
2 28890  97.8129 232.4195 0015028 339.2162  20.8418 14.60908251495268
HJ-1A                   
1 33320U 08041A   15042.16646707  .00001745  00000-0  26043-3 0  9998
2 33320  98.0468 104.7592 0025581 264.3724  95.4573 14.75884970346329
HJ-1B                   
1 33321U 08041B   15042.13591231  .00001823  00000-0  27068-3 0  9992
2 33321  98.0502 105.4344 0034287 280.9965  78.7404 14.75894528346301
YAOGAN 4                
1 33446U 08061A   15042.09126629  .00001354  00000-0  20439-3 0  9996
2 33446  97.6582  77.2953 0016550 203.5291 156.5170 14.75754339333575
DEIMOS-1                
1 35681U 09041A   15042.08740714  .00000895  00000-0  15304-3 0  9998
2 35681  98.0426 298.2485 0001839 142.3556 217.7788 14.71242168297092
UK-DMC 2                
1 35683U 09041C   15042.07669165  .00000850  00000-0  14774-3 0  9990
2 35683  97.9450 296.5485 0001071  74.1706 285.9628 14.70586196297010
RISAT 1                 
1 38248U 12017A   15042.19746824  .00002713  00000-0  17587-3 0  9993
2 38248  97.5618  50.9263 0005019 104.1991 322.3971 15.08936691154003
