SAUDISAT 1C             
1 27607U 02058C   15041.69192882  .00001169  00000-0  18903-3 0  9994
2 27607  64.5549 224.9523 0073948 313.7790  45.7207 14.74439494652631
SAUDISAT 2              
1 28371U 04025F   15042.06727181  .00000653  00000-0  16461-3 0  9991
2 28371  98.0127  15.6854 0026846 115.4090 244.9889 14.53941707563273
UNISAT 3                
1 28373U 04025H   15040.39797737  .00000702  00000-0  20838-3 0  9999
2 28373  98.2373 351.8333 0068260 299.4351 178.8783 14.44939934559863
SAUDISAT 3              
1 31118U 07012B   15042.10463404  .00000419  00000-0  79474-4 0  9997
2 31118  97.7444  71.0865 0016076 130.8051 229.4561 14.68806449419188
