PROBA-1                 
1 26958U 01049B   15042.03771692  .00002737  00000-0  25052-3 0  9997
2 26958  97.4625  34.8067 0074970 323.5538  36.0597 14.93642174723495
BIRD 2                  
1 26959U 01049C   15041.79095098  .00008789  00000-0  33366-3 0  9999
2 26959  97.7845 296.9568 0012154 158.3065 244.0705 15.27025951735104
CUTE-1 (CO-55)          
1 27844U 03031E   15042.01107101  .00000374  00000-0  19018-3 0  9991
2 27844  98.6973  52.3365 0008680 308.1613 105.0062 14.21709854602516
CUBESAT XI-IV (CO-57)   
1 27848U 03031J   15042.00008667  .00000324  00000-0  16836-3 0  9991
2 27848  98.7070  52.1666 0008641 316.1557  97.7983 14.21369690602423
GENESIS 1               
1 29252U 06029A   15041.72473501  .00007347  00000-0  41171-3 0  9995
2 29252  64.5077 200.5196 0050611 285.2623 162.3909 15.13041086471893
FALCONSAT-3             
1 30776U 07006E   15040.49749760  .00014468  00000-0  63155-3 0  9998
2 30776  35.4280  79.8616 0003864 224.3378 278.6858 15.21354001436823
GENESIS 2               
1 31789U 07028A   15040.54858016  .00005530  00000-0  32593-3 0  9990
2 31789  64.5065 239.2680 0023493 328.8044  31.1680 15.12392464418847
APRIZESAT 4             
1 35684U 09041D   15040.33468131  .00001132  00000-0  16031-3 0  9990
2 35684  98.0681 326.6989 0047292 346.3934 127.5193 14.78333354298209
APRIZESAT 3             
1 35686U 09041F   15041.59327973  .00002368  00000-0  26511-3 0  9995
2 35686  98.1802 359.0415 0073255 281.4516 118.3463 14.86011908299772
PROBA-2                 
1 36037U 09059B   15041.98580021  .00000274  00000-0  77570-4 0  9999
2 36037  98.2781 236.7157 0014490  95.8497  59.3349 14.52779388279664
APRIZESAT 5             
1 37792U 11044E   15041.98620281  .00001137  00000-0  17556-3 0  9994
2 37792  98.2362 154.5712 0058221 261.7306 157.0556 14.74332443187514
APRIZESAT 6             
1 37793U 11044F   15041.91174571  .00000925  00000-0  15528-3 0  9995
2 37793  98.2147 147.6552 0046459 275.8907 222.3471 14.71516733187159
TET-1                   
1 38710U 12039D   15040.87655613  .00015095  00000-0  47142-3 0  9996
2 38710  97.4776 324.1131 0003890  74.9666 285.2007 15.33278052142113
STSAT-2C                
1 39068U 13003A   15042.18571089  .00052224  17041-6  85556-3 0  9990
2 39068  80.2500  85.4973 0616194 232.9395 121.3935 14.50138367105287
CUSAT 1                 
1 39266U 13055B   15040.49241511  .00032402  00000-0  10073-2 0  9991
2 39266  80.9963 175.2013 0729815 196.0586 161.6315 14.12851354 69898
STPSAT-3                
1 39380U 13064A   15040.71651425  .00013283  00000-0  50598-3 0  9995
2 39380  40.5089 163.3125 0000987  16.1012 343.9830 15.26421219 68138
APRIZESAT 7             
1 39416U 13066A   15040.77333662  .00001046  00000-0  13345-3 0  9996
2 39416  97.7503 111.1077 0042197 186.3862 173.6820 14.82950255 65976
APRIZESAT 8             
1 39425U 13066K   15040.26225689  .00000917  00000-0  12434-3 0  9993
2 39425  97.7476 108.7553 0052855 190.1965 169.8180 14.80302036 65809
BUGSAT-1 (TITA)         
1 40014U 14033E   15042.05850780 -.00003781  00000-0 -35687-3 0  9998
2 40014  97.9752 304.7656 0032241 284.9521  74.8634 14.92742566 35224
SAUDISAT 4              
1 40016U 14033G   15042.01583988  .00000915  00000-0  14234-3 0  9998
2 40016  97.9608 297.8179 0048765 164.6268 195.6443 14.74621778 34813
TABLETSAT-AURORA        
1 40017U 14033H   15042.06835313  .00004209  00000-0  43349-3 0  9995
2 40017  97.9733 303.8971 0023882 279.5061  80.3461 14.90618800 35171
APRIZESAT 9             
1 40018U 14033J   15042.10944047  .00000822  00000-0  14207-3 0  9994
2 40018  97.9543 295.8637 0072057 165.6780 194.6486 14.69355334 34600
APRIZESAT 10            
1 40019U 14033K   15042.16159441  .00000707  00000-0  12966-3 0  9999
2 40019  97.9518 294.8077 0084836 167.2075 193.1319 14.66469461 34594
AISAT                   
1 40054U 14034B   15042.12301712  .00004797  00000-0  72684-3 0  9991
2 40054  98.2288 117.8748 0012744 268.0382  91.9373 14.74582222 33279
CANX-4                  
1 40055U 14034C   15042.13942832  .00001492  00000-0  23562-3 0  9997
2 40055  98.2295 117.9439 0013392 277.5535  82.4169 14.73838862 33272
CANX-5                  
1 40056U 14034D   15042.13952140  .00001520  00000-0  24000-3 0  9991
2 40056  98.2296 117.9433 0013331 277.8262  82.1454 14.73837939 33279
TDS 1                   
1 40076U 14037H   15042.14902499  .00001035  00000-0  14189-3 0  9997
2 40076  98.3655 108.4140 0005277 314.9553  45.1246 14.80740935 32169
TIANTUO 2               
1 40144U 14053B   15042.14192789  .00007096  00000-0  25516-3 0  9993
2 40144  97.3954 119.6883 0014712  83.4857   3.8252 15.28829888 23811
