GOES 3                  
1 10953U 78062A   15040.38528419 -.00000084  00000-0  00000+0 0  9993
2 10953  14.2422 340.5459 0003625 150.2773  38.2787  1.00269140 87357
TDRS 3                  
1 19548U 88091B   15040.49992536 -.00000297  00000-0  00000+0 0  9998
2 19548  14.5420  17.4227 0039060 298.7406 300.8127  1.00275703 83818
LEASAT 5                
1 20410U 90002B   15041.03699022 -.00000075  00000-0  00000+0 0  9992
2 20410  11.1414  19.2204 0003596 228.9925 336.9099  1.00273830 77129
SKYNET 4C               
1 20776U 90079A   15041.28789314 -.00000032  00000-0  00000+0 0  9995
2 20776  13.2197  25.1162 0002327 315.6959 261.6753  1.00273866 89387
TDRS 5                  
1 21639U 91054B   15041.77640200  .00000091  00000-0  00000+0 0  9996
2 21639  13.5976  30.9441 0019344 323.5229 258.1396  1.00264997 86165
TDRS 6                  
1 22314U 93003B   15039.65800056 -.00000289  00000-0  00000+0 0  9994
2 22314  13.0569  33.7931 0006647 300.4239 355.2835  1.00274406 80832
INTELSAT 701 (IS-701)   
1 22871U 93066A   15040.34999897 -.00000219  00000-0  00000+0 0  9994
2 22871   2.5368  71.9639 0004175 249.4062 274.2215  1.00271749 77867
NATO 4B                 
1 22921U 93076A   15039.13994676  .00000133  00000-0  00000+0 0  9990
2 22921  11.4637  31.6302 0003989 293.9015 255.0859  1.00273506 77555
INTELSAT 702 (IS-702)   
1 23124U 94034A   15041.67650738  .00000150  00000-0  10000-3 0  9995
2 23124   2.8877  70.3730 0003388 264.6088  81.8537  1.00271546 89816
OPTUS B3                
1 23227U 94055A   15038.52311133 -.00000083  00000-0  00000+0 0  9996
2 23227   5.9647  57.1377 0005594 240.6683 191.9969  1.00272375 74856
ASTRA 1D                
1 23331U 94070A   15039.47398859 -.00000280  00000-0  00000+0 0  9993
2 23331   6.1547  56.2497 0003487 300.6340 244.3632  1.00270426 74689
BRASILSAT B2            
1 23536U 95016A   15039.47619973 -.00000288  00000-0  00000+0 0  9992
2 23536   5.7753  58.0002 0002145 283.9356 264.5352  1.00270435 72807
AMSC 1                  
1 23553U 95019A   15039.42533578 -.00000113  00000-0  00000+0 0  9992
2 23553   8.8497  48.1523 0003418 263.9193 235.9472  1.00271654 72612
TDRS 7                  
1 23613U 95035B   15041.65658000 -.00000197  00000-0  00000+0 0  9995
2 23613  14.4034  24.5919 0022107   0.6585  76.3819  1.00271445 71623
ASTRA 1E                
1 23686U 95055A   15041.79446352  .00000121  00000-0  00000+0 0  9993
2 23686   3.8420  66.2872 0000395 246.9789 137.9922  1.00125431 70644
ECHOSTAR 1              
1 23754U 95073A   15040.32142620 -.00000244  00000-0  10000-3 0  9990
2 23754   0.0024 143.1494 0003622 203.8143 190.6466  1.00270940 69874
ABS-1A                  
1 23768U 96003A   15041.77344769 -.00000019  00000-0  10000-3 0  9997
2 23768   6.8346  54.3761 0002566 281.0491 150.5045  1.00269638 69858
INMARSAT 3-F1           
1 23839U 96020A   15039.58299889  .00000006  00000-0  00000+0 0  9993
2 23839   2.3238  71.7327 0005704 262.0325  78.9546  1.00270121 69040
ASTRA 1F                
1 23842U 96021A   15039.64734530  .00000083  00000-0  00000+0 0  9997
2 23842   0.0466 295.0868 0004152  16.4849 114.5178  1.00272121 68927
MSAT M1                 
1 23846U 96022A   15041.42548834 -.00000088  00000-0  00000+0 0  9997
2 23846   6.3549  55.8822 0006613 244.6676 246.2903  1.00273298 68892
PALAPA C2               
1 23864U 96030A   15040.88764492 -.00000240  00000-0  10000-3 0  9990
2 23864   3.9841  64.8228 0001969 254.3797 286.0361  1.00271542 68611
INMARSAT 3-F2           
1 24307U 96053A   15041.36761958 -.00000126  00000-0  00000+0 0  9994
2 24307   0.8831  82.3614 0007245 220.5155 314.0777  1.00272160 67472
AMC-1 (GE-1)            
1 24315U 96054A   15042.21534318 -.00000104  00000-0  00000+0 0  9993
2 24315   0.0378 290.5940 0002155  80.8570 104.0075  1.00272821 67479
AFRICASAT-2 (MEASAT-2)  
1 24653U 96063B   15042.14057029 -.00000225  00000-0  00000+0 0  9993
2 24653   6.0752  56.7079 0005058 178.6789 104.1525  1.00274700 66832
EUTELSAT 48A            
1 24665U 96067A   15041.65896718  .00000116  00000-0  10000-3 0  9994
2 24665   4.8534  61.3811 0005995 257.5864 106.9252  1.00273063 67127
INMARSAT 3-F3           
1 24674U 96070A   15041.52485266  .00000036  00000-0  00000+0 0  9992
2 24674   1.7329  76.1156 0006155 236.7100 194.4729  1.00273562 66429
AMC-2 (GE-2)            
1 24713U 97002A   15041.42610580 -.00000230  00000-0  00000+0 0  9997
2 24713   2.7043  70.8100 0005684 241.9766 259.9463  1.00272590 16796
INTELSAT 26 (IS-26)     
1 24732U 97007A   15041.02987289 -.00000008  00000-0  00000+0 0  9995
2 24732   6.0363  56.9341 0003491 261.7751 257.6047  1.00272506 65759
GALAXY 25 (G-25)        
1 24812U 97026A   15039.42558733 -.00000167  00000-0  00000+0 0  9990
2 24812   0.0202 107.2392 0003055 237.5049 213.5579  1.00270749 64800
INMARSAT 3-F4           
1 24819U 97027A   15040.48313896 -.00000292  00000-0  00000+0 0  9994
2 24819   4.2205  63.0752 0005247 261.8333 294.2455  1.00274422 64818
SUPERBIRD-A3            
1 24880U 97036A   15041.77216079 -.00000267  00000-0  00000+0 0  9992
2 24880   5.1775  60.0776 0001000 244.7286 253.2169  1.00407605 64189
ABS-3                   
1 24901U 97042A   15042.00160556 -.00000032  00000-0  10000-3 0  9993
2 24901   3.2740  68.8142 0003492 246.8253 182.6592  1.00273640 64007
INTELSAT 5 (IS-5)       
1 24916U 97046A   15041.66414737 -.00000142  00000-0  00000+0 0  9994
2 24916   1.8527  75.6475 0003221 272.9966 187.8495  1.00272265 64074
METEOSAT-7              
1 24932U 97049B   15041.07519116  .00000054  00000-0  00000+0 0  9998
2 24932   9.4779  45.6240 0001128 250.2603 288.5281  1.00271729 63876
AMC-3 (GE-3)            
1 24936U 97050A   15041.49869875 -.00000275  00000-0  10000-3 0  9991
2 24936   0.0504 281.6359 0002568  25.2398 305.8877  1.00271881 63880
NSS-5                   
1 24957U 97053A   15041.07503108  .00000108  00000-0  00000+0 0  9994
2 24957   2.1583  73.9467 0003340 235.5949 267.7679  1.00273876 63671
ECHOSTAR 3              
1 25004U 97059A   15042.21672655 -.00000284  00000-0  10000-3 0  9996
2 25004   0.3936  82.3859 0001636 258.7259 176.0510  1.00270678 63597
JCSAT-1B                
1 25067U 97075A   15041.67076659 -.00000206  00000-0  10000-3 0  9998
2 25067   4.0029  64.6759 0005124 234.4871 232.7310  1.00272863 63001
ASTRA 1G                
1 25071U 97076A   15041.07524451  .00000047  00000-0  00000+0 0  9993
2 25071   0.5800  78.6629 0003690 246.9998 261.0644  1.00273653 62977
BRASILSAT B3            
1 25152U 98006A   15041.42584662 -.00000173  00000-0  00000+0 0  9997
2 25152   2.3757  73.3406 0003038 236.1153 252.0322  1.00272967 62388
INMARSAT 3-F5           
1 25153U 98006B   15041.22372653  .00000137  00000-0  00000+0 0  9990
2 25153   0.8750  71.2317 0004906 250.9087 282.9789  1.00275443 62367
EUTELSAT 16B            
1 25237U 98013A   15041.24057942  .00000098  00000-0  10000-3 0  9995
2 25237   2.6828  71.3568 0005142 256.0326 274.9952  1.00274673 62403
NSS-806                 
1 25239U 98014A   15040.17730508 -.00000282  00000-0  00000+0 0  9996
2 25239   0.0470   8.9344 0005073 295.9111 210.4335  1.00274345 62119
CHINASAT 5A (ZX 5A)     
1 25354U 98033A   15040.89349663 -.00000268  00000-0  00000+0 0  9996
2 25354   0.0504 263.7699 0002457   1.0199 338.5243  1.00273656 65683
THOR III                
1 25358U 98035A   15041.07371992 -.00000043  00000-0  00000+0 0  9994
2 25358   3.8947  64.8829 0003140 220.6295 236.5475  1.00273112 61159
INTELSAT 805 (IS-805)   
1 25371U 98037A   15042.15007894 -.00000288  00000-0  10000-3 0  9994
2 25371   0.0174 215.1686 0004070 112.7734 171.4685  1.00272096 61014
ASTRA 2A                
1 25462U 98050A   15041.22432831  .00000147  00000-0  00000+0 0  9998
2 25462   0.0424 105.2168 0000272  32.7811 110.9477  1.00275349 60238
INTELSAT 7 (IS-7)       
1 25473U 98052A   15041.17769913 -.00000146  00000-0  00000+0 0  9990
2 25473   1.4319  78.7215 0006114 215.5675 251.3930  1.00271063 60081
SIRIUS 3                
1 25492U 98056B   15041.09534241  .00000100  00000-0  00000+0 0  9999
2 25492   4.9851  60.7190 0000937 262.0474 262.6071  1.00275061 59930
AFRISTAR                
1 25515U 98063A   15041.16662539  .00000124  00000-0  00000+0 0  9999
2 25515   1.6887  71.3533 0004390 243.6993 265.8384  1.00274718 59611
INTELSAT 8 (IS-8)       
1 25522U 98065A   15040.42801363 -.00000034  00000-0  00000+0 0  9998
2 25522   0.0442 267.9119 0003098  46.6772 147.6709  1.00273607 59593
EUTELSAT 115 WEST A     
1 25558U 98070A   15042.06347624 -.00000029  00000-0  10000-3 0  9999
2 25558   1.4398  78.0847 0004084 242.3514  88.2889  1.00272728 59481
JCSAT-4A                
1 25630U 99006A   15041.77710494 -.00000158  00000-0  10000-3 0  9999
2 25630   0.5402  84.7010 0001866 226.6801 190.8442  1.00272808 58442
SKYNET 4E               
1 25639U 99009B   15041.07420779  .00000049  00000-0  00000+0 0  9991
2 25639   9.1951  35.7193 0002410 306.2006 199.7627  1.00044297 58465
ASIASAT 3S              
1 25657U 99013A   15041.47431597 -.00000366  00000-0  00000+0 0  9993
2 25657   0.7640  82.5699 0002206 229.2585 117.4220  1.00275768 58260
ASTRA 1H                
1 25785U 99033A   15041.49839780 -.00000275  00000-0  00000+0 0  9994
2 25785   2.1448  74.2559 0003695 217.6141 320.2150  1.00272183 57295
TELKOM 1                
1 25880U 99042A   15039.74556503 -.00000348  00000-0  00000+0 0  9995
2 25880   0.0187 241.7404 0002014  77.3937 195.8311  1.00272444 56795
ABS-7                   
1 25894U 99046A   15041.28504610 -.00000364  00000-0  10000-3 0  9991
2 25894   0.0139 168.5088 0002545 194.1485 356.0640  1.00270178 55591
GALAXY 27 (G-27)        
1 25922U 99052A   15041.75974852 -.00000007  00000-0  00000+0 0  9990
2 25922   1.5131  77.4257 0004134 237.7010 165.0805  1.00274089 56330
ABS-6                   
1 25924U 99053A   15041.50916457 -.00000122  00000-0  10000-3 0  9996
2 25924   0.0446 260.6184 0001608  69.2193 152.7245  1.00271553 56359
TELSTAR 12 (ORION 2)    
1 25949U 99059A   15041.14916697 -.00000122  00000-0  00000+0 0  9990
2 25949   0.0044  51.4869 0002931 267.8117 219.2933  1.00272766 56022
AMC-4 (GE-4)            
1 25954U 99060A   15042.21610867 -.00000275  00000-0  10000-3 0  9991
2 25954   0.0188  47.9486 0001257 337.6414 126.1438  1.00271395 55930
GALAXY 11 (G-11)        
1 26038U 99071A   15042.15007894 -.00000288  00000-0  10000-3 0  9994
2 26038   0.0822 271.2680 0000806  38.9240 189.0998  1.00271088 55550
HISPASAT 1C             
1 26071U 00007A   15041.42603719 -.00000214  00000-0  00000+0 0  9993
2 26071   0.0319   4.6581 0002166 303.4401 261.6037  1.00272964 55078
GARUDA 1                
1 26089U 00011A   15041.02448863 -.00000170  00000-0  00000+0 0  9991
2 26089   1.0287 204.7315 0001769  46.5871 349.5172  0.99902758 54921
SUPERBIRD-B2            
1 26095U 00012A   15039.63334590 -.00000097  00000-0  00000+0 0  9992
2 26095   0.0430 234.2712 0002052 117.4620 176.6517  1.00270826 54897
EXPRESS-A2              
1 26098U 00013A   15040.88764492 -.00000250  00000-0  10000-3 0  9999
2 26098   7.6471  51.6695 0012304 116.0629  76.5857  1.00274228 54608
ASIASTAR                
1 26107U 00016A   15041.80412356 -.00000334  00000-0  10000-3 0  9998
2 26107   0.0727 332.0003 0004910 348.2905 214.7490  1.00273214 54590
EUTELSAT 16C            
1 26243U 00019A   15039.71875214  .00000089  00000-0  00000+0 0  9996
2 26243   2.6130  71.0860 0002831 245.7211  94.8965  1.00272108 54235
EUTELSAT 36A            
1 26369U 00028A   15041.88845782  .00000153  00000-0  10000-3 0  9990
2 26369   0.0653   2.0288 0004597 312.3525 182.1917  1.00275672 53926
TDRS 8                  
1 26388U 00034A   15040.56307419 -.00000229  00000-0  00000+0 0  9992
2 26388   5.9619  64.1704 0005592 219.1832 147.8211  1.00277370 53614
ECHOSTAR 6              
1 26402U 00038A   15042.13952207 -.00000148  00000-0  00000+0 0  9999
2 26402   2.5288  72.0038 0001877 283.7184  99.1526  1.00269052 53383
INTELSAT 9 (IS-9)       
1 26451U 00043A   15042.08769468 -.00000273  00000-0  10000-3 0  9992
2 26451   1.8383  75.8965 0002735 247.8791 165.5029  1.00272196 53293
BRASILSAT B4            
1 26469U 00046A   15041.42602957 -.00000213  00000-0  10000-3 0  9994
2 26469   0.0425 242.1541 0002612  87.9013 239.4917  1.00272140 53075
NILESAT 102             
1 26470U 00046B   15041.08036712 -.00000060  00000-0  00000+0 0  9993
2 26470   0.0226 280.5941 0005833  35.7071 205.4535  1.00272946 53072
ASTRA 2B                
1 26494U 00054A   15041.90766427  .00000152  00000-0  00000+0 0  9993
2 26494   0.4650  77.9716 0003331 245.1557 175.6088  1.00273270 52686
AMC-7 (GE-7)            
1 26495U 00054B   15041.48625773  .00000094  00000-0  00000+0 0  9990
2 26495   0.0469 287.8787 0003431  11.4575 238.9235  1.00269122 52741
NSS-11 (AAP-1)          
1 26554U 00059A   15040.78013564 -.00000348  00000-0  10000-3 0  9990
2 26554   0.0555 280.3288 0001301  86.0915 162.1412  1.00272090 52638
N-SAT-110 (JCSAT-110)   
1 26559U 00060A   15041.79106111 -.00000353  00000-0  10000-3 0  9996
2 26559   0.0065  18.8559 0000097 302.4778 214.0400  1.00271957 52575
AMC-6 (GE-6)            
1 26580U 00067A   15041.42631162 -.00000262  00000-0  10000-3 0  9995
2 26580   0.0609 282.1578 0002762  42.4738 257.0126  1.00273036 52424
INTELSAT 12 (IS-12)     
1 26590U 00068A   15039.08104501  .00000132  00000-0  00000+0 0  9998
2 26590   0.0116 305.2660 0003377  34.3001 232.4528  1.00271796 52269
INTELSAT 1R (IS-1R)     
1 26608U 00072A   15042.14248803 -.00000285  00000-0  10000-3 0  9993
2 26608   0.0408 263.1605 0000935 347.6571 251.3623  1.00271145 52122
ANIK F1                 
1 26624U 00076A   15041.48702765 -.00000077  00000-0  00000+0 0  9997
2 26624   0.0247 177.9303 0001221 160.3662 229.9551  1.00271974 52174
ASTRA 2D                
1 26638U 00081A   15041.16004579  .00000145  00000-0  00000+0 0  9996
2 26638   1.9885  74.3603 0001403 237.1463 273.9641  1.00270880 51885
AMC-8 (GE-8)            
1 26639U 00081B   15041.48620438  .00000102  00000-0  00000+0 0  9993
2 26639   0.0282 346.6596 0002857 342.5396 207.0488  1.00273328 51790
TURKSAT 2A              
1 26666U 01002A   15041.89411505  .00000143  00000-0  10000-3 0  9995
2 26666   0.0530 350.9087 0005118 326.1979 187.3958  1.00272254 51606
SKYNET 4F               
1 26695U 01005B   15042.12548403 -.00000246  00000-0  10000-3 0  9990
2 26695   7.7701  43.2526 0004149 260.0840 208.7325  1.00271012 51335
EUTELSAT 28A            
1 26719U 01011A   15041.22432831  .00000148  00000-0  10000-3 0  9991
2 26719   0.0689  10.6451 0004764 309.2574 289.3193  1.00275724 51018
XM-1 (ROLL)             
1 26761U 01018A   15041.39734734 -.00000025  00000-0  10000-3 0  9995
2 26761   0.1616 259.6136 0003668 325.6910 302.6192  1.00273309 50462
INTELSAT 10 (IS-10)     
1 26766U 01019A   15041.67783623  .00000124  00000-0  00000+0 0  9997
2 26766   0.0168  74.1496 0002611 245.4560 112.3282  1.00272452 50378
INTELSAT 901 (IS-901)   
1 26824U 01024A   15040.16627469 -.00000144  00000-0  00000+0 0  9999
2 26824   0.0228  57.4004 0003282 264.5591 218.8123  1.00273084 50097
ASTRA 2C                
1 26853U 01025A   15041.22425184  .00000147  00000-0  00000+0 0  9992
2 26853   0.0577 325.3483 0004763 347.9494 295.5680  1.00272726 50044
ARTEMIS                 
1 26863U 01029A   15040.15745716  .00000110  00000-0  00000+0 0  9994
2 26863  11.6440  42.5377 0004347 282.2655 252.2194  1.00272415 50843
INTELSAT 902 (IS-902)   
1 26900U 01039A   15040.07916289  .00000029  00000-0  00000+0 0  9992
2 26900   0.0080  84.4090 0003332 241.2660 263.6596  1.00273605 49211
EUTELSAT 8 WEST A       
1 26927U 01042A   15042.11807662 -.00000069  00000-0  00000+0 0  9991
2 26927   0.0638  34.0179 0005614 283.8820 217.3745  1.00272741 48977
DIRECTV 4S              
1 26985U 01052A   15042.13719809 -.00000116  00000-0  00000+0 0  9996
2 26985   0.0136 212.8814 0002525 118.2967 117.8979  1.00272753 48445
INSAT-3C                
1 27298U 02002A   15039.82415299 -.00000080  00000-0  00000+0 0  9998
2 27298   0.0946  85.6704 0002633 259.4841 164.0727  1.00271969 47795
ECHOSTAR 7              
1 27378U 02006A   15041.48673799 -.00000003  00000-0  00000+0 0  9992
2 27378   0.0408 282.5458 0001836  42.4256 231.6621  1.00271881 47501
INTELSAT 904 (IS-904)   
1 27380U 02007A   15040.07911715  .00000045  00000-0  10000-3 0  9993
2 27380   0.0233  14.2778 0003389 307.1181 265.9184  1.00273983 47529
TDRS 9                  
1 27389U 02011A   15040.41680725 -.00000266  00000-0  10000-3 0  9995
2 27389   3.4725  93.0040 0009774 292.5301 222.8624  1.00271821 48872
JCSAT-2A                
1 27399U 02015A   15039.66512522 -.00000170  00000-0  00000+0 0  9993
2 27399   0.0049   8.1965 0002374 324.2232 199.4359  1.00271978 47116
ASTRA 3A                
1 27400U 02015B   15041.45482429  .00000068  00000-0  00000+0 0  9993
2 27400   2.1638  73.2201 0001546 242.9246 170.9101  1.00273213 47150
INTELSAT 903 (IS-903)   
1 27403U 02016A   15039.26810500 -.00000243  00000-0  00000+0 0  9994
2 27403   0.0193  71.8706 0003361 265.6748 222.5107  1.00271414 47102
NSS-7                   
1 27414U 02019A   15041.07331590 -.00000157  00000-0  00000+0 0  9992
2 27414   0.1294  94.5644 0002222 148.4036 263.2547  1.00272423 47025
DIRECTV 5 (TEMPO 1)     
1 27426U 02023A   15041.39012580 -.00000058  00000-0  10000-3 0  9995
2 27426   0.0158  27.1326 0003073 288.6994 214.6149  1.00272798 46763
INTELSAT 905 (IS-905)   
1 27438U 02027A   15039.09676091 -.00000190  00000-0  00000+0 0  9991
2 27438   0.0685 283.3016 0002450  29.0730 195.8232  1.00270113 46421
EXPRESS-A4              
1 27441U 02029A   15041.36823537 -.00000118  00000-0  00000+0 0  9999
2 27441   4.5404  62.6617 0002163 183.1149  12.9228  1.00272018 46414
GALAXY 3C (G-3C)        
1 27445U 02030A   15040.48173699 -.00000154  00000-0  10000-3 0  9999
2 27445   0.0106  47.6738 0001691 303.3208 226.5986  1.00272693 46381
EUTELSAT 5 WEST A       
1 27460U 02035A   15040.11138635 -.00000046  00000-0  10000-3 0  9992
2 27460   0.0520  23.0558 0005948 282.2977 228.6142  1.00273375 46175
N-STAR C                
1 27461U 02035B   15041.56065791 -.00000310  00000-0  00000+0 0  9994
2 27461   2.9987  70.2512 0002587 252.0320 155.9049  1.00273748 46128
EUTELSAT 8 WEST C       
1 27499U 02038A   15041.21798606 -.00000065  00000-0  00000+0 0  9995
2 27499   0.0425 331.1303 0005535 346.6985 253.0745  1.00272257 45659
ECHOSTAR 8              
1 27501U 02039A   15041.22617847 -.00000245  00000-0  10000-3 0  9993
2 27501   0.0052 186.7430 0002839 128.2120 189.5355  1.00272024 45712
EUTELSAT 12 WEST A      
1 27508U 02040A   15041.17990056 -.00000103  00000-0  10000-3 0  9995
2 27508   0.0717  27.2999 0005726 299.4238 225.4838  1.00272904 45695
METEOSAT-8 (MSG-1)      
1 27509U 02040B   15041.07391811  .00000020  00000-0  00000+0 0  9991
2 27509   3.3041  61.5426 0002811 182.1510 286.4893  1.00277190 45680
INTELSAT 906 (IS-906)   
1 27513U 02041A   15040.96995014  .00000012  00000-0  00000+0 0  9990
2 27513   0.0313 298.8707 0003446  26.1997 227.9609  1.00272642 45513
KODAMA (DRTS)           
1 27516U 02042B   15040.84675843 -.00000241  00000-0  00000+0 0  9991
2 27516   3.4442  67.5132 0002788 267.0786 200.5909  1.00273485 45515
KALPANA-1 (METSAT 1)    
1 27525U 02043A   15041.81220163 -.00000083  00000-0  00000+0 0  9995
2 27525   4.8445  61.4840 0014505 216.8035 228.4925  1.00273421 45495
HISPASAT 1D             
1 27528U 02044A   15042.07097013 -.00000219  00000-0  00000+0 0  9995
2 27528   0.0367 285.6517 0006209  31.8474 178.8463  1.00271342 45400
EUTELSAT 33B            
1 27554U 02051A   15041.67494483  .00000153  00000-0  10000-3 0  9990
2 27554   0.0358  55.9195 0000583 137.2186 223.3728  1.00265229 44810
TDRS 10                 
1 27566U 02055A   15039.56810534  .00000078  00000-0  00000+0 0  9992
2 27566   3.4922  62.3680 0008979 213.8506 252.2190  1.00275012 44660
NSS-6                   
1 27603U 02057A   15041.83559396 -.00000272  00000-0  10000-3 0  9997
2 27603   0.0058 157.3666 0002890 149.7768 229.2307  1.00271178 44569
NIMIQ 2                 
1 27632U 02062A   15042.09696266 -.00000065  00000-0  00000+0 0  9997
2 27632   0.2248  87.7632 0007035 237.7948 100.9935  1.00273214 44360
INTELSAT 907 (IS-907)   
1 27683U 03007A   15039.07923075 -.00000207  00000-0  00000+0 0  9996
2 27683   0.0250  85.5085 0002882 243.3083 170.0490  1.00271820 43851
INSAT-3A                
1 27714U 03013A   15041.58405175 -.00000260  00000-0  00000+0 0  9992
2 27714   0.0512 264.4344 0002229 132.9866  46.6538  1.00272825 43396
GALAXY 12 (G-12)        
1 27715U 03013B   15042.25669971  .00000056  00000-0  10000-3 0  9991
2 27715   0.0506 264.5776 0001561  53.8640 145.9473  1.00273592 43459
ASIASAT 4               
1 27718U 03014A   15042.14343464 -.00000362  00000-0  00000+0 0  9995
2 27718   0.0068 126.4097 0002172 142.3486  45.8938  1.00274076 43371
HELLAS-SAT 2            
1 27811U 03020A   15037.92478542  .00000145  00000-0  00000+0 0  9990
2 27811   0.0115 335.1114 0004256 332.0528 201.4467  1.00272842 42811
AMC-9 (GE-12)           
1 27820U 03024A   15039.42583889 -.00000220  00000-0  00000+0 0  9997
2 27820   0.0261 335.7373 0002656 352.0786 240.6801  1.00269181 42770
THURAYA-2               
1 27825U 03026A   15039.84431388  .00000129  00000-0  10000-3 0  9998
2 27825   4.1338  24.9006 0004998 285.2160 176.4763  1.00274168 42784
OPTUS C1                
1 27831U 03028B   15041.66414737 -.00000149  00000-0  00000+0 0  9997
2 27831   0.0444 254.3876 0002837  57.1692 223.9303  1.00273122 42769
ECHOSTAR 12 (RAINBOW 1) 
1 27852U 03033A   15039.47189221 -.00000287  00000-0  00000+0 0  9992
2 27852   0.0193 278.6359 0001952  71.7048 256.4288  1.00273507 42403
GALAXY 23 (G-23)        
1 27854U 03034A   15039.53912280  .00000009  00000-0  00000+0 0  9992
2 27854   0.0168 103.5977 0003234 212.5155 255.2831  1.00273599 42062
EUTELSAT 33A            
1 27948U 03043A   15040.21508352  .00000150  00000-0  10000-3 0  9996
2 27948   0.6539  80.7739 0000763 173.0640 353.3508  1.00274668 41754
GALAXY 13 (HORIZONS-1)  
1 27954U 03044A   15040.68276209  .00000045  00000-0  00000+0 0  9996
2 27954   0.0039 167.6605 0001323 105.7920 344.7599  1.00273886 41657
YAMAL 202               
1 28089U 03053A   15041.84272998  .00000118  00000-0  10000-3 0  9992
2 28089   0.0048 236.8832 0002436  83.8435 172.1384  1.00273825 41143
AMOS-2                  
1 28132U 03059A   15042.00667616 -.00000036  00000-0  00000+0 0  9996
2 28132   0.0821  95.1086 0003153 216.6820 187.3705  1.00274349 40831
EXPRESS-AM22 (SESAT 2)  
1 28134U 03060A   15041.07509206  .00000095  00000-0  10000-3 0  9995
2 28134   0.0421 266.4707 0001020 115.4759 197.9319  1.00275769 40745
AMC-10 (GE-10)          
1 28154U 04003A   15042.15542284  .00000085  00000-0  10000-3 0  9997
2 28154   0.0341 293.9638 0002533   9.9309 117.9411  1.00274478 40385
ABS-2I                  
1 28184U 04007A   15041.07526738  .00000038  00000-0  00000+0 0  9993
2 28184   0.0471 114.7966 0000551 174.7466 298.3848  1.00274908 40059
EUTELSAT 7A             
1 28187U 04008A   15041.99168771  .00000045  00000-0  00000+0 0  9995
2 28187   0.0438 333.4325 0005233  17.3182 153.9546  1.00272913 40025
DIRECTV 7S              
1 28238U 04016A   15041.48673036 -.00000002  00000-0  00000+0 0  9994
2 28238   0.0234 357.8118 0002910 312.5615 246.0094  1.00273883 39528
AMC-11 (GE-11)          
1 28252U 04017A   15041.45978390  .00000067  00000-0  00000+0 0  9999
2 28252   0.0458 285.0033 0002721  29.1284 220.5754  1.00272934 39248
INTELSAT 10-02          
1 28358U 04022A   15040.20573866 -.00000014  00000-0  10000-3 0  9991
2 28358   0.0313 127.7062 0001558 242.6715 201.6685  1.00273382 39057
APSTAR 5 (TELSTAR 18)   
1 28364U 04024A   15041.77216079 -.00000296  00000-0  00000+0 0  9990
2 28364   0.0413 284.7178 0003365   0.1308 271.6583  1.00270112 39007
ANIK F2                 
1 28378U 04027A   15041.42537399 -.00000052  00000-0  10000-3 0  9996
2 28378   0.0305  19.8286 0000175 162.5926 359.7904  1.00272736 38798
AMAZONAS 1              
1 28393U 04031A   15042.15007894 -.00000288  00000-0  00000+0 0  9997
2 28393   0.0391  86.7345 0003551 202.1961 210.6108  1.00270941 38573
AMC-15                  
1 28446U 04041A   15041.42552646 -.00000091  00000-0  10000-3 0  9993
2 28446   0.0507 274.8849 0002295  26.6294 246.8025  1.00273128 37839
AMC-16                  
1 28472U 04048A   15041.42600670 -.00000209  00000-0  10000-3 0  9991
2 28472   0.0455 283.5226 0003032  21.5501 263.4571  1.00272377 37253
NSS-10 (AMC-12)         
1 28526U 05003A   15041.10303032 -.00000253  00000-0  10000-3 0  9999
2 28526   0.0414 288.1574 0007942 328.5759 242.8858  1.00272902 36751
XTAR-EUR                
1 28542U 05005A   15041.15998553  .00000149  00000-0  00000+0 0  9990
2 28542   0.0049 135.9025 0002605 181.3679 269.2307  1.00272261 36615
HIMAWARI-6 (MTSAT-1R)   
1 28622U 05006A   15041.77155900 -.00000284  00000-0  00000+0 0  9990
2 28622   0.0140 207.6077 0004590 141.7073 208.8586  1.00270630 36451
XM-3 (RHYTHM)           
1 28626U 05008A   15041.42600670 -.00000208  00000-0  10000-3 0  9998
2 28626   0.0100 227.7889 0000193 125.6847 214.9426  1.00272385 36506
INMARSAT 4-F1           
1 28628U 05009A   15041.30015801 -.00000260  00000-0  10000-3 0  9992
2 28628   2.7459 359.9579 0003582 324.1266  67.4891  1.00270866 36121
EXPRESS-AM2             
1 28629U 05010A   15041.98879791 -.00000139  00000-0  10000-3 0  9990
2 28629   0.5920  83.4869 0000753  24.5652 108.6388  1.00271968 36155
APSTAR 6                
1 28638U 05012A   15040.95222231 -.00000321  00000-0  00000+0 0  9997
2 28638   0.0284  82.5553 0002540 225.8590 308.0703  1.00270543 60844
SPACEWAY 1              
1 28644U 05015A   15042.21534299 -.00000105  00000-0  00000+0 0  9998
2 28644   0.0390 279.3576 0000162 126.3312  69.8548  1.00272406 35969
DIRECTV 8               
1 28659U 05019A   15038.49700094 -.00000121  00000-0  00000+0 0  9999
2 28659   0.0175  65.7298 0003339 256.9042 252.6970  1.00272514 35593
GALAXY 28 (G-28)        
1 28702U 05022A   15041.42591522 -.00000188  00000-0  00000+0 0  9996
2 28702   0.0151  36.3883 0000624  50.9465 117.1316  1.00271650 35314
EXPRESS-AM3             
1 28707U 05023A   15040.95255613 -.00000324  00000-0  00000+0 0  9999
2 28707   0.0215 204.6513 0001374 142.1981 238.7572  1.00271307 35289
THAICOM 4               
1 28786U 05028A   15041.27932346 -.00000365  00000-0  00000+0 0  9997
2 28786   0.0090 111.0993 0002533 225.5023  23.4589  1.00270450 34780
GALAXY 14 (G-14)        
1 28790U 05030A   15041.48657791  .00000034  00000-0  10000-3 0  9993
2 28790   0.0432 279.9437 0002295  58.7860 211.6396  1.00272298 34747
ANIK F1R                
1 28868U 05036A   15040.38076156 -.00000077  00000-0  00000+0 0  9996
2 28868   0.0253 341.4141 0002836   8.1132 179.3749  1.00272664 34584
GALAXY 15 (G-15)        
1 28884U 05041A   15040.45045484  .00000076  00000-0  00000+0 0  9996
2 28884   0.0456 273.4150 0001702  40.9630 213.9869  1.00273758 34098
SYRACUSE 3A             
1 28885U 05041B   15041.65788681  .00000126  00000-0  00000+0 0  9999
2 28885   0.0241  88.2281 0002969 225.4150 110.5913  1.00275207 34229
INMARSAT 4-F2           
1 28899U 05044A   15042.00923035  .00000137  00000-0  00000+0 0  9993
2 28899   2.4211 359.8796 0003029 320.7129 208.5561  1.00274116 33952
TELKOM 2                
1 28902U 05046A   15039.87078315 -.00000366  00000-0  00000+0 0  9998
2 28902   0.0354 223.2987 0001651 144.5192 202.2829  1.00268360 33756
SPACEWAY 2              
1 28903U 05046B   15041.42567130 -.00000129  00000-0  00000+0 0  9998
2 28903   0.0116 241.2854 0000162 328.2274 344.8131  1.00272090 33938
INSAT-4A                
1 28911U 05049A   15041.76517373 -.00000167  00000-0  00000+0 0  9993
2 28911   0.0563 263.6916 0007743  27.0224 208.2285  1.00271770 33534
METEOSAT-9 (MSG-2)      
1 28912U 05049B   15041.07406295  .00000064  00000-0  00000+0 0  9993
2 28912   0.6042  48.0025 0002770 243.1367 244.8565  1.00290821 33538
EUTELSAT 172A (GE-23)   
1 28924U 05052A   15041.60235647 -.00000008  00000-0  10000-3 0  9994
2 28924   0.0762  20.9186 0006066 289.4187 218.8615  1.00273953 33428
ECHOSTAR 10             
1 28935U 06003A   15042.21622310 -.00000058  00000-0  10000-3 0  9993
2 28935   0.0437 283.3822 0001510  19.1617 166.0329  1.00273313 32960
HIMAWARI-7 (MTSAT-2)    
1 28937U 06004A   15040.42738855 -.00000246  00000-0  00000+0 0  9993
2 28937   0.0225  91.4152 0003876 227.1497 119.4594  1.00270001 32849
SPAINSAT                
1 28945U 06007A   15042.07097013 -.00000219  00000-0  00000+0 0  9992
2 28945   0.0492 258.9373 0003745  34.8547 202.5294  1.00270537 32691
EUTELSAT 9A             
1 28946U 06007B   15041.15144645  .00000059  00000-0  10000-3 0  9991
2 28946   0.0471  73.8143 0005212 231.9011 257.6792  1.00271383 32745
JCSAT-5A                
1 29045U 06010A   15041.26054471 -.00000331  00000-0  10000-3 0  9999
2 29045   0.0152 338.4805 0001924  16.0414  11.3143  1.00271199 32382
ASTRA 1KR               
1 29055U 06012A   15041.22492934  .00000117  00000-0  00000+0 0  9994
2 29055   0.0439 288.0529 0003456 357.9636 314.1175  1.00272905 32216
GOES 13                 
1 29155U 06018A   15041.42623539 -.00000250  00000-0  00000+0 0  9999
2 29155   0.3078  92.2297 0001808 296.7391 189.3721  1.00262272 31958
EUTELSAT 113 WEST A     
1 29162U 06020A   15040.43011757 -.00000040  00000-0  00000+0 0  9990
2 29162   0.0126  85.2577 0002120 232.9044 222.8437  1.00272554 31901
THAICOM 5               
1 29163U 06020B   15041.68133685 -.00000124  00000-0  10000-3 0  9992
2 29163   0.0491 272.5077 0006497  23.1022 168.5875  1.00273811 31976
GALAXY 16 (G-16)        
1 29236U 06023A   15041.42567130 -.00000129  00000-0  10000-3 0  9999
2 29236   0.0561 261.0013 0003215  67.6978 225.6963  1.00272517 31702
EUTELSAT HOT BIRD 13B   
1 29270U 06032A   15040.15512638  .00000083  00000-0  00000+0 0  9992
2 29270   0.0604 337.1197 0004995 345.8610 244.7506  1.00271557 31287
JCSAT-3A                
1 29272U 06033A   15041.56044446 -.00000347  00000-0  10000-3 0  9997
2 29272   0.0269 300.8467 0001985   6.0903 163.1163  1.00271233 31206
SYRACUSE 3B             
1 29273U 06033B   15041.14939566 -.00000046  00000-0  10000-3 0  9994
2 29273   0.0077  98.4818 0005003 216.3457 233.6311  1.00272533 31188
KOREASAT 5 (MUGUNGWHA 5)
1 29349U 06034A   15041.56004044 -.00000361  00000-0  10000-3 0  9999
2 29349   0.0296  92.9666 0002387 147.8596 214.1450  1.00271771 31089
ZHONGXING-22A           
1 29398U 06038A   15040.89379845 -.00000318  00000-0  00000+0 0  9993
2 29398   4.2484  63.6421 0002269 228.7914 270.4637  1.00270061 30851
DIRECTV 9S              
1 29494U 06043A   15042.20226167 -.00000116  00000-0  00000+0 0  9997
2 29494   0.0108 258.1188 0003284  59.0654 155.4553  1.00272703 30551
OPTUS D1                
1 29495U 06043B   15041.18551513 -.00000113  00000-0  10000-3 0  9992
2 29495   0.0393 283.4294 0003024  39.1865  44.0956  1.00272776 30585
XM-4 (BLUES)            
1 29520U 06049A   15042.07298311 -.00000025  00000-0  00000+0 0  9997
2 29520   0.0117 235.2806 0000400 194.2234 342.3301  1.00272069 30448
BADR-4                  
1 29526U 06051A   15041.90437130  .00000142  00000-0  10000-3 0  9995
2 29526   0.0514 324.3803 0006033 357.1907 170.6370  1.00274717 30335
FENGYUN 2D              
1 29640U 06053A   15040.89687609 -.00000203  00000-0  10000-3 0  9998
2 29640   2.8355  68.9249 0000873 124.7030 355.2988  1.00278164 29997
WILDBLUE-1              
1 29643U 06054A   15039.65236929 -.00000053  00000-0  10000-3 0  9992
2 29643   0.0173 203.2144 0001484 106.3750 312.4956  1.00272721 29960
AMC-18                  
1 29644U 06054B   15041.48708863 -.00000092  00000-0  10000-3 0  9991
2 29644   0.0458 299.1992 0002655  18.4117 253.0200  1.00272964 29997
MEASAT-3                
1 29648U 06056A   15041.02448863 -.00000244  00000-0  00000+0 0  9992
2 29648   0.0339 139.8064 0000551 196.7698 263.5037  1.00271646 30000
KIKU-8 (ETS-VIII)       
1 29656U 06059A   15040.88764492 -.00000243  00000-0  00000+0 0  9995
2 29656   3.9855  64.8479 0005769 262.3405 277.7016  1.00270516 29875
INSAT-4B                
1 30793U 07007A   15041.58271295 -.00000260  00000-0  00000+0 0  9994
2 30793   0.0825 260.2416 0005569  40.7159 142.6321  1.00272018 29024
SKYNET 5A               
1 30794U 07007B   15040.15496630  .00000037  00000-0  00000+0 0  9990
2 30794   0.0750   5.4507 0003738 314.4032 240.8157  1.00274203 29126
ANIK F3                 
1 31102U 07009A   15040.22169175 -.00000005  00000-0  00000+0 0  9991
2 31102   0.0029 226.4245 0001837 132.6303 101.0326  1.00274119 28763
ASTRA 1L                
1 31306U 07016A   15040.98158447  .00000117  00000-0  00000+0 0  9991
2 31306   0.0625 307.8618 0005673   0.6548 203.7701  1.00273949 28493
GALAXY 17 (G-17)        
1 31307U 07016B   15041.50457510 -.00000177  00000-0  00000+0 0  9991
2 31307   0.0249   3.7371 0002972 329.2736 257.8700  1.00271601 28517
ZHONGXING-6B            
1 31800U 07031A   15041.28860769 -.00000364  00000-0  10000-3 0  9998
2 31800   0.0071 280.9627 0003669  34.8595  43.6209  1.00274361 27900
DIRECTV 10              
1 31862U 07032A   15041.25345796 -.00000106  00000-0  00000+0 0  9991
2 31862   0.0531 282.5324 0000156  57.2787 148.6050  1.00272694 27841
SPACEWAY 3              
1 32018U 07036A   15040.48173730 -.00000155  00000-0  10000-3 0  9999
2 32018   0.0121 223.7026 0000282  56.7799 297.2229  1.00272523 27551
BSAT-3A                 
1 32019U 07036B   15041.76635512 -.00000353  00000-0  10000-3 0  9993
2 32019   0.0518 245.9220 0003153  25.7045 254.6112  1.00271862 27502
INSAT-4CR               
1 32050U 07037A   15041.93911397 -.00000079  00000-0  00000+0 0  9996
2 32050   0.1015 262.0401 0006557  22.8819 267.8111  1.00272895 27297
OPTUS D2                
1 32252U 07044A   15041.66926251 -.00000186  00000-0  00000+0 0  9992
2 32252   0.0259 293.0135 0003032  25.4654 214.8594  1.00271388 26921
INTELSAT 11 (IS-11)     
1 32253U 07044B   15040.44913524 -.00000272  00000-0  10000-3 0  9998
2 32253   0.0433 272.3239 0003184  52.3241 293.2371  1.00272585 26957
STAR ONE C1             
1 32293U 07056A   15041.26130553 -.00000279  00000-0  00000+0 0  9991
2 32293   0.0535 265.8642 0002611  73.8314 189.3763  1.00271324 26581
SKYNET 5B               
1 32294U 07056B   15041.79147271  .00000137  00000-0  00000+0 0  9997
2 32294   0.0631   3.8647 0004077 317.2860 128.6186  1.00274680 26676
ASTRA 4A (SIRIUS 4)     
1 32299U 07057A   15040.78629600  .00000029  00000-0  00000+0 0  9992
2 32299   0.0440 282.4636 0002751  36.8988 108.0301  1.00272455 26392
HORIZONS-2              
1 32388U 07063B   15041.78456966 -.00000185  00000-0  10000-3 0  9991
2 32388   0.0491 280.5933 0002306  36.8949 190.3306  1.00271871 26322
THURAYA-3               
1 32404U 08001A   15041.59067813 -.00000300  00000-0  10000-3 0  9990
2 32404   4.4322 346.1964 0005048 328.3127 137.0915  1.00271393 25971
EXPRESS-AM33            
1 32478U 08003A   15041.68512255 -.00000283  00000-0  10000-3 0  9998
2 32478   0.0568 271.9731 0001487 117.2671  94.3213  1.00270391 26070
THOR 5                  
1 32487U 08006A   15040.20573866 -.00000012  00000-0  00000+0 0  9998
2 32487   0.0453 256.9407 0002710  57.6849 257.6409  1.00273025 25606
KIZUNA (WINDS)          
1 32500U 08007A   15041.40463958 -.00000261  00000-0  00000+0 0  9994
2 32500   0.0758 267.5598 0002979  59.2812 101.9507  1.00270892 25502
AMC-14                  
1 32708U 08011A   15038.86405262  .00000137  00000-0  00000+0 0  9990
2 32708  17.4781  76.6764 0045770 355.3129  46.2086  1.00275033 26541
DIRECTV 11              
1 32729U 08013A   15041.42567130 -.00000128  00000-0  00000+0 0  9995
2 32729   0.0078 211.8700 0000205  92.3934 249.9516  1.00271513 25379
ICO G1                  
1 32763U 08016A   15040.35693459 -.00000170  00000-0  00000+0 0  9998
2 32763   4.1972 345.9759 0004082 336.4787 212.3044  1.00272870 24942
VINASAT-1               
1 32767U 08018A   15041.56055118 -.00000331  00000-0  10000-3 0  9996
2 32767   0.0234 284.2559 0001406  36.1093 153.6652  1.00271523 25044
STAR ONE C2             
1 32768U 08018B   15041.42635736 -.00000267  00000-0  00000+0 0  9995
2 32768   0.0204  88.8648 0002630 255.4625 239.3163  1.00271014 25039
TIANLIAN 1-01           
1 32779U 08019A   15040.84371684 -.00000140  00000-0  10000-3 0  9997
2 32779   1.0637  80.1111 0036961 216.6306 226.5596  1.00275371 24904
AMOS-3                  
1 32794U 08022A   15041.07372755 -.00000037  00000-0  00000+0 0  9994
2 32794   0.0381 139.5035 0001719 173.0646 209.7906  1.00272999 24884
GALAXY 18 (G-18)        
1 32951U 08024A   15041.48663126  .00000023  00000-0  00000+0 0  9995
2 32951   0.0150 200.2312 0002972 128.3827 223.7913  1.00272536 24570
CHINASAT 9 (ZX 9)       
1 33051U 08028A   15041.02448863 -.00000250  00000-0  00000+0 0  9993
2 33051   0.0125  59.5266 0003891 269.4844 271.7716  1.00271212 24455
SKYNET 5C               
1 33055U 08030A   15039.26884655 -.00000144  00000-0  00000+0 0  9998
2 33055   0.0705 356.7030 0002684 322.1783 258.1167  1.00271654 24383
TURKSAT 3A              
1 33056U 08030B   15041.89411684  .00000144  00000-0  00000+0 0  9998
2 33056   0.0380 171.8959 0003195 155.7479 176.8321  1.00271461 24529
INTELSAT 25 (IS-25)     
1 33153U 08034A   15039.26575021 -.00000229  00000-0  00000+0 0  9999
2 33153   0.0459 274.7606 0003273  24.6910 262.7303  1.00270704 24127
BADR-6                  
1 33154U 08034B   15041.90437208  .00000142  00000-0  00000+0 0  9991
2 33154   0.0594  28.5795 0004664 325.0124 138.5900  1.00271884 24215
ECHOSTAR 11             
1 33207U 08035A   15041.42539686 -.00000059  00000-0  10000-3 0  9994
2 33207   0.0418 284.2451 0003131  46.9542 212.1115  1.00273118 24095
SUPERBIRD-C2            
1 33274U 08038A   15041.21666446 -.00000254  00000-0  10000-3 0  9990
2 33274   0.0399 278.3622 0001554  51.9709  31.5678  1.00271466 23820
AMC-21                  
1 33275U 08038B   15041.48658552  .00000033  00000-0  10000-3 0  9993
2 33275   0.0414 288.3238 0002004  45.0929 217.0773  1.00274225 23904
INMARSAT 4-F3           
1 33278U 08039A   15039.42546537 -.00000140  00000-0  00000+0 0  9992
2 33278   3.0089 353.1295 0002642 330.5224 229.7156  1.00270925 23706
NIMIQ 4                 
1 33373U 08044A   15039.17521324 -.00000225  00000-0  00000+0 0  9997
2 33373   0.0167 114.4737 0002607 210.0761 154.4584  1.00272571 23342
GALAXY 19 (G-19)        
1 33376U 08045A   15041.06766336 -.00000142  00000-0  00000+0 0  9994
2 33376   0.0091 159.2801 0003398 155.9276 111.9541  1.00272169 23339
VENESAT-1               
1 33414U 08055A   15041.42617441 -.00000240  00000-0  00000+0 0  9999
2 33414   0.0025 162.6033 0001690 161.1835 251.8135  1.00270131 23067
ASTRA 1M                
1 33436U 08057A   15041.22523115  .00000117  00000-0  00000+0 0  9999
2 33436   0.0105 146.3203 0002291 232.8561 221.0350  1.00272867 22940
CIEL-2                  
1 33453U 08063A   15042.25669956  .00000055  00000-0  10000-3 0  9999
2 33453   0.0556 281.8587 0003387  45.5721 137.0990  1.00272879 22616
EUTELSAT HOT BIRD 13C   
1 33459U 08065A   15040.15512638  .00000083  00000-0  00000+0 0  9994
2 33459   0.0393  21.6752 0002897   1.4847 184.5805  1.00270664 22678
EUTELSAT 48D            
1 33460U 08065B   15041.84805400  .00000122  00000-0  00000+0 0  9999
2 33460   0.0973 292.2044 0002065  16.5792 185.1932  1.00271375 22552
FENGYUN 2E              
1 33463U 08066A   15041.59589895 -.00000334  00000-0  10000-3 0  9993
2 33463   2.3706  58.2825 0000313 190.1841 210.8741  1.00270205 22543
EXPRESS-AM44            
1 33595U 09007A   15041.01813449 -.00000091  00000-0  00000+0 0  9992
2 33595   0.0341 263.9804 0000856 155.7089  75.5926  1.00272760 21991
NSS-9                   
1 33749U 09008A   15039.74118084  .00000068  00000-0  10000-3 0  9992
2 33749   0.0263 276.1120 0002413  30.6263 281.5820  1.00274589 21980
EUTELSAT HOT BIRD 13D   
1 33750U 09008B   15041.93179188  .00000084  00000-0  00000+0 0  9993
2 33750   0.0465 306.1852 0004640 337.3538 205.5291  1.00271969 22043
TELSTAR 11N             
1 34111U 09009A   15040.15962755 -.00000254  00000-0  10000-3 0  9994
2 34111   0.0099 111.6754 0002977 186.4771 220.6632  1.00271728 21848
RADUGA-1 8              
1 34264U 09010A   15041.29053630  .00000073  00000-0  10000-3 0  9992
2 34264   4.0430  77.9524 0001897 317.3364 221.0437  1.00263618 21782
EUTELSAT 10A            
1 34710U 09016A   15038.99278725  .00000063  00000-0  00000+0 0  9995
2 34710   0.0690  13.9672 0005484 301.9139 189.2677  1.00273851 21401
SES-7 (PROTOSTAR 2)     
1 34941U 09027A   15041.02688595 -.00000348  00000-0  10000-3 0  9993
2 34941   0.0256  44.6467 0002827 254.9609 318.0944  1.00271822 21062
MEASAT-3A               
1 35362U 09032A   15041.02448863 -.00000245  00000-0  00000+0 0  9990
2 35362   0.0547 246.3000 0002306  30.6416 323.1439  1.00273534 20678
GOES 14                 
1 35491U 09033A   15041.37513818 -.00000096  00000-0  00000+0 0  9999
2 35491   0.0314 247.6083 0001955 358.8958 284.3020  1.00272044 20605
SIRIUS FM-5             
1 35493U 09034A   15041.42574752 -.00000148  00000-0  00000+0 0  9990
2 35493   0.0154 357.6450 0000677 293.1600 266.6295  1.00272304 20509
TERRESTAR-1             
1 35496U 09035A   15041.42537399 -.00000055  00000-0  00000+0 0  9997
2 35496   3.6437 331.6730 0003151 339.4238 231.1968  1.00273052 20593
ASIASAT 5               
1 35696U 09042A   15041.78566681 -.00000310  00000-0  10000-3 0  9991
2 35696   0.0136 135.8370 0001502 154.0533 233.9555  1.00273272 20139
JCSAT-RA (JCSAT-12)     
1 35755U 09044A   15041.27516159 -.00000348  00000-0  10000-3 0  9999
2 35755   0.0462  33.1789 0001103 291.1609  42.6524  1.00271574 20106
OPTUS D3                
1 35756U 09044B   15041.66414737 -.00000149  00000-0  00000+0 0  9996
2 35756   0.0471 319.8306 0004231  17.2963 198.3669  1.00273044 20070
PALAPA D                
1 35812U 09046A   15041.29280528 -.00000360  00000-0  10000-3 0  9999
2 35812   0.0160  76.4535 0002515 297.2869 344.6375  1.00270847 20119
NIMIQ 5                 
1 35873U 09050A   15042.15349329 -.00000259  00000-0  10000-3 0  9999
2 35873   0.0410 261.8098 0002171  57.9118 163.7130  1.00271659 19810
AMAZONAS 2              
1 35942U 09054A   15041.49809686 -.00000285  00000-0  00000+0 0  9997
2 35942   0.0299 156.0572 0001453 142.3088 320.1676  1.00270820 19645
COMSATBW-1              
1 35943U 09054B   15039.08145666  .00000019  00000-0  10000-3 0  9990
2 35943   0.0760  70.5827 0002291 241.2301 278.3791  1.00274220 19673
NSS-12                  
1 36032U 09058A   15041.45215023  .00000069  00000-0  00000+0 0  9993
2 36032   0.0116 355.4731 0002430 328.3333  36.1575  1.00272414 19396
THOR 6                  
1 36033U 09058B   15041.14949476 -.00000012  00000-0  00000+0 0  9995
2 36033   0.0394 258.6395 0001968  59.9962 234.2333  1.00273263 19403
INTELSAT 14 (IS-14)     
1 36097U 09064A   15040.35478088 -.00000277  00000-0  00000+0 0  9993
2 36097   0.0158  68.4529 0002045 254.3288 259.0228  1.00270966 19131
EUTELSAT 36B            
1 36101U 09065A   15040.91913510  .00000153  00000-0  10000-3 0  9993
2 36101   0.0690  10.5562 0004558 303.9181 191.9938  1.00275366 19240
INTELSAT 15 (IS-15)     
1 36106U 09067A   15040.85088911 -.00000188  00000-0  10000-3 0  9990
2 36106   0.0146  68.8963 0002541 254.0042 208.1698  1.00273007 19035
DIRECTV 12              
1 36131U 09075A   15041.42557981 -.00000106  00000-0  10000-3 0  9999
2 36131   0.0374 260.3317 0000448  35.4994 254.7685  1.00272598 18822
BEIDOU G1               
1 36287U 10001A   15041.77155900 -.00000285  00000-0  10000-3 0  9993
2 36287   1.5923   6.9799 0003803 215.0913 336.2258  1.00273512 18619
RADUGA-1M 2             
1 36358U 10002A   15041.78601642 -.00000186  00000-0  10000-3 0  9993
2 36358   0.0351 242.9393 0002839 107.4028 158.1307  1.00271945 18454
SDO                     
1 36395U 10005A   15041.25337755 -.00000058  00000-0  00000+0 0  9993
2 36395  28.0537 156.0674 0002651 179.7143 153.2681  1.00269350 18470
INTELSAT 16 (IS-16)     
1 36397U 10006A   15041.42615154 -.00000236  00000-0  00000+0 0  9995
2 36397   0.0249 345.3737 0002302 346.3981 242.8018  1.00272574 18235
GOES 15                 
1 36411U 10008A   15041.46489904  .00000087  00000-0  00000+0 0  9993
2 36411   0.0908 249.9841 0002680  95.3250 187.0031  1.00266840 18120
ECHOSTAR 14             
1 36499U 10010A   15041.48673799 -.00000002  00000-0  00000+0 0  9999
2 36499   0.0071  57.6629 0002594 257.5675 241.2991  1.00273749 17978
SES-1                   
1 36516U 10016A   15042.20226185 -.00000117  00000-0  00000+0 0  9996
2 36516   0.0440 280.0649 0001735  36.2105 156.4590  1.00272194 17580
ASTRA 3B                
1 36581U 10021A   15041.79147282  .00000134  00000-0  00000+0 0  9995
2 36581   0.0691  37.4167 0002159 304.0369 107.4782  1.00270897 17260
COMSATBW-2              
1 36582U 10021B   15040.98459368  .00000085  00000-0  00000+0 0  9992
2 36582   0.0339 292.1681 0001949  36.1563 179.0032  1.00273386 17423
BEIDOU G3               
1 36590U 10024A   15040.88674122 -.00000358  00000-0  10000-3 0  9999
2 36590   1.4305  25.1469 0004355 291.6394 252.5994  1.00275681 17213
BADR-5                  
1 36592U 10025A   15041.90437193  .00000142  00000-0  00000+0 0  9996
2 36592   0.0124 162.4630 0001806 127.4257 202.3137  1.00270547 17360
COMS 1                  
1 36744U 10032A   15041.27072250 -.00000347  00000-0  10000-3 0  9995
2 36744   0.0270  65.5640 0001080 288.3525  11.7597  1.00271939 17092
ARABSAT-5A              
1 36745U 10032B   15041.90766416  .00000151  00000-0  00000+0 0  9997
2 36745   0.0555   5.1662 0003804 313.4512 179.2621  1.00274177 17090
ECHOSTAR 15             
1 36792U 10034A   15042.25161670 -.00000276  00000-0  10000-3 0  9995
2 36792   0.0540 285.4717 0003057  52.5188 208.4651  1.00271383 16846
BEIDOU IGSO 1           
1 36828U 10036A   15041.47834378 -.00000096  00000-0  10000-3 0  9992
2 36828  54.3404 202.0181 0036779 199.8663  31.2706  1.00272499 16658
NILESAT 201             
1 36830U 10037A   15042.06298402 -.00000060  00000-0  10000-3 0  9995
2 36830   0.0529 194.7399 0003422 106.8755 214.8200  1.00273015 16736
RASCOM-QAF 1R           
1 36831U 10037B   15040.78930524  .00000016  00000-0  10000-3 0  9991
2 36831   0.0253  85.5784 0004554 229.9613 111.0352  1.00273562 16725
CHINASAT 6A (ZX 6A)     
1 37150U 10042A   15042.14622049 -.00000356  00000-0  10000-3 0  9992
2 37150   0.0306 143.3524 0002457 242.1104 293.0803  1.00270784 16350
XM-5                    
1 37185U 10053A   15041.42600670 -.00000207  00000-0  10000-3 0  9993
2 37185   0.0151 264.8257 0000833 141.4414 162.0306  1.00271664 15887
BSAT-3B                 
1 37207U 10056B   15041.76635514 -.00000353  00000-0  00000+0 0  9990
2 37207   0.0723 299.4659 0005189  23.3546 203.4233  1.00272200 15729
BEIDOU G4               
1 37210U 10057A   15041.70999762 -.00000114  00000-0  10000-3 0  9997
2 37210   0.8081  46.8217 0007025 177.2072 332.0100  1.00271840 15749
SKYTERRA 1              
1 37218U 10061A   15042.13203644 -.00000116  00000-0  10000-3 0  9997
2 37218   4.2594 324.1860 0003395 176.1052 306.7861  1.00272252 15674
ZHONGXING-20A           
1 37234U 10064A   15041.26675020 -.00000339  00000-0  00000+0 0  9994
2 37234   0.0850 264.3018 0002785 105.4199 356.3851  1.00274467 15478
HYLAS 1                 
1 37237U 10065A   15041.14296088 -.00000236  00000-0  10000-3 0  9999
2 37237   0.0547 286.2374 0002185  35.0029 196.6329  1.00272793 15448
INTELSAT 17 (IS-17)     
1 37238U 10065B   15041.07538172 -.00000005  00000-0  00000+0 0  9994
2 37238   0.0034 133.2794 0003312 182.1049 277.5694  1.00273510 15415
BEIDOU IGSO 2           
1 37256U 10068A   15040.54240806 -.00000223  00000-0  10000-3 0  9999
2 37256  54.1266 321.2123 0031069 205.2557 288.3710  1.00280287 15236
EUTELSAT KA-SAT 9A      
1 37258U 10069A   15041.99319234  .00000059  00000-0  10000-3 0  9990
2 37258   0.0608 283.9219 0001580 335.7879 247.5539  1.00270798 15264
HISPASAT 1E             
1 37264U 10070A   15041.19238995 -.00000218  00000-0  00000+0 0  9998
2 37264   0.0209 158.9366 0001688 171.8971 208.4008  1.00272194 15105
KOREASAT 6              
1 37265U 10070B   15040.78781041 -.00000365  00000-0  00000+0 0  9991
2 37265   0.0113  37.3370 0001834 280.8173 220.9728  1.00271380 15129
ELEKTRO-L 1 (GOMS 2)    
1 37344U 11001A   15040.75287869 -.00000098  00000-0  00000+0 0  9993
2 37344   0.7151  81.0110 0001497 175.0127 230.3837  1.00269845 14907
BEIDOU IGSO 3           
1 37384U 11013A   15041.47731944 -.00000161  00000-0  10000-3 0  9994
2 37384  56.7917  81.9534 0028383 192.3409 156.3213  1.00295398 14119
INTELSAT NEW DAWN       
1 37392U 11016A   15041.67659600  .00000153  00000-0  10000-3 0  9996
2 37392   0.0450 258.5393 0000680 353.1287 165.1361  1.00275084 13984
YAHSAT 1A               
1 37393U 11016B   15041.07507681  .00000098  00000-0  10000-3 0  9990
2 37393   0.0123 194.7622 0003025  99.7752 284.8039  1.00274010 14018
TELSTAR 14R             
1 37602U 11021A   15041.49901262 -.00000282  00000-0  00000+0 0  9999
2 37602   0.0372 299.5157 0002492 345.8657 331.4781  1.00271530 14275
GSAT-8                  
1 37605U 11022A   15041.89251480  .00000082  00000-0  10000-3 0  9999
2 37605   0.0870 260.2653 0007652  14.0150 242.7244  1.00271807 13693
ST-2                    
1 37606U 11022B   15041.95150563 -.00000214  00000-0  10000-3 0  9995
2 37606   0.0037 167.2873 0001519 172.3661 231.5779  1.00273447 13703
CHINASAT 10 (ZX 10)     
1 37677U 11026A   15041.62191012 -.00000355  00000-0  10000-3 0  9991
2 37677   0.0530 275.6461 0005022 299.0603 260.0788  1.00273576 13410
TIANLIAN 1-02           
1 37737U 11032A   15040.82570521 -.00000052  00000-0  10000-3 0  9996
2 37737   0.8439  81.2114 0032653 191.3509 331.2167  1.00271604 13151
GSAT-12                 
1 37746U 11034A   15041.76517366 -.00000168  00000-0  00000+0 0  9993
2 37746   0.1095 262.8042 0004920 225.3268  10.8466  1.00272748 13416
SES-3                   
1 37748U 11035A   15041.24706968 -.00000104  00000-0  00000+0 0  9997
2 37748   0.0404 274.0760 0003097  17.2035 194.6526  1.00272486 13133
KAZSAT-2                
1 37749U 11035B   15041.96216109 -.00000201  00000-0  00000+0 0  9998
2 37749   0.0297 243.9815 0001004 125.2210 204.3941  1.00273402 13084
BEIDOU IGSO 4           
1 37763U 11038A   15041.10410612 -.00000037  00000-0  10000-3 0  9990
2 37763  54.6583 204.2448 0031631 195.0129 233.2281  1.00263748 13088
ASTRA 1N                
1 37775U 11041A   15041.22515469  .00000117  00000-0  00000+0 0  9999
2 37775   0.0599 353.1238 0005001 350.2031 256.8813  1.00271794 12871
BSAT-3C (JCSAT-110R)    
1 37776U 11041B   15041.78853007 -.00000353  00000-0  00000+0 0  9997
2 37776   0.0448 277.3075 0000596 111.3358 145.7111  1.00271047 12983
PAKSAT-1R               
1 37779U 11042A   15039.65123943  .00000150  00000-0  00000+0 0  9997
2 37779   0.0195 113.4541 0002861 193.9488 103.4394  1.00271268 12800
CHINASAT 1A (ZX 1A)     
1 37804U 11047A   15041.26846664 -.00000341  00000-0  10000-3 0  9991
2 37804   0.0339 227.8509 0001966 108.0707  30.5594  1.00269525 12534
COSMOS 2473             
1 37806U 11048A   15041.80033977 -.00000138  00000-0  10000-3 0  9993
2 37806   0.0474 102.1205 0001744 304.8636 101.6008  1.00273283 12519
SES-2                   
1 37809U 11049A   15040.55029072 -.00000199  00000-0  10000-3 0  9996
2 37809   0.0431 283.4653 0002762  37.3563 289.5780  1.00272874 12454
ARABSAT-5C              
1 37810U 11049B   15039.19865617  .00000118  00000-0  00000+0 0  9994
2 37810   0.0631  12.1187 0001566 262.5564 314.8028  1.00269573 12427
EUTELSAT 7 WEST A       
1 37816U 11051A   15042.05511365 -.00000063  00000-0  10000-3 0  9995
2 37816   0.0671 337.6354 0002095 264.5219 271.1622  1.00272655 12414
QUETZSAT 1              
1 37826U 11054A   15041.22617847 -.00000244  00000-0  10000-3 0  9990
2 37826   0.0336 296.7539 0002865  35.2064 172.4198  1.00273061 12535
INTELSAT 18 (IS-18)     
1 37834U 11056A   15041.52515359  .00000050  00000-0  00000+0 0  9998
2 37834   0.0216  95.0241 0002428 224.6535 189.6457  1.00273206 12341
EUTELSAT 16A            
1 37836U 11057A   15041.07422303  .00000101  00000-0  10000-3 0  9999
2 37836   0.0666 350.1791 0004630 329.9044 222.4325  1.00271872 12266
VIASAT-1                
1 37843U 11059A   15042.07081735 -.00000026  00000-0  10000-3 0  9997
2 37843   0.0060  52.5495 0002233 278.1121  80.5227  1.00272188 12720
ASIASAT 7               
1 37933U 11069A   15041.80874443 -.00000337  00000-0  10000-3 0  9999
2 37933   0.0060 100.0959 0001978 187.8892 249.2018  1.00274253 11917
BEIDOU IGSO 5           
1 37948U 11073A   15041.01004365 -.00000167  00000-0  10000-3 0  9992
2 37948  54.2231 320.6465 0029728 204.2513  73.8231  1.00284139 11836
AMOS-5                  
1 37950U 11074A   15040.15521785  .00000106  00000-0  10000-3 0  9992
2 37950   0.0172 248.0110 0001514 268.2797  55.5188  1.00274531 11696
LUCH 5A                 
1 37951U 11074B   15041.38300116 -.00000048  00000-0  00000+0 0  9993
2 37951   2.4749 241.2884 0002575  66.8790 136.8459  1.00270554 11627
NIGCOMSAT 1R            
1 38014U 11077A   15040.91370541  .00000142  00000-0  00000+0 0  9998
2 38014   0.0350 264.7205 0001988  12.2202 234.1039  1.00273835 11527
FENGYUN 2F              
1 38049U 12002A   15040.89657513 -.00000359  00000-0  10000-3 0  9995
2 38049   0.1689 343.1364 0002007 148.4319  82.9513  1.00272845 11327
SES-4                   
1 38087U 12007A   15040.27771056 -.00000172  00000-0  00000+0 0  9991
2 38087   0.0275 356.7063 0001614 335.2584 245.0327  1.00272768 10966
BEIDOU G5               
1 38091U 12008A   15041.82530823  .00000055  00000-0  00000+0 0  9993
2 38091   1.0231  20.1917 0000762 251.5874 224.4927  1.00271676 10929
INTELSAT 22 (IS-22)     
1 38098U 12011A   15038.87820838 -.00000064  00000-0  00000+0 0  9994
2 38098   0.0253  28.3931 0002311 286.8992 210.6146  1.00272674 10524
APSTAR 7                
1 38107U 12013A   15041.54247132 -.00000104  00000-0  00000+0 0  9990
2 38107   0.0212  91.6272 0002667 229.7372  90.7115  1.00272918 10617
YAHSAT 1B               
1 38245U 12016A   15041.07497009  .00000123  00000-0  10000-3 0  9999
2 38245   0.0046 191.4026 0002551  98.9503 284.0538  1.00274310 10351
JCSAT-13                
1 38331U 12023A   15040.95365748 -.00000359  00000-0  00000+0 0  9990
2 38331   0.0078  18.3176 0001762 282.3081 306.3907  1.00272266 10040
VINASAT-2               
1 38332U 12023B   15041.56054355 -.00000331  00000-0  00000+0 0  9998
2 38332   0.0101 311.9394 0002331  12.0158 149.9749  1.00271501 10066
NIMIQ 6                 
1 38342U 12026A   15041.25836779 -.00000177  00000-0  00000+0 0  9994
2 38342   0.0558 273.2362 0002421  53.1984 175.4998  1.00273518 10038
CHINASAT 2A (ZX 2A)     
1 38352U 12028A   15041.59201404 -.00000295  00000-0  10000-3 0  9991
2 38352   0.0323 213.3162 0004577 114.1192 124.2956  1.00272326 10082
INTELSAT 19 (IS-19)     
1 38356U 12030A   15040.82570521 -.00000059  00000-0  00000+0 0  9995
2 38356   0.0403 285.1311 0003142  42.9254 274.7578  1.00272941  9950
ECHOSTAR 17             
1 38551U 12035A   15041.11760016 -.00000078  00000-0  00000+0 0  9991
2 38551   0.0155  95.2542 0002611 212.4157 127.4166  1.00272477  9561
METEOSAT-10 (MSG-3)     
1 38552U 12035B   15040.20573866 -.00000005  00000-0  00000+0 0  9996
2 38552   0.5855 141.4389 0001077 174.0518 257.5096  1.00279234  9640
SES-5                   
1 38652U 12036A   15039.02203588  .00000029  00000-0  00000+0 0  9992
2 38652   0.0654 266.3800 0002241  52.2226 192.0923  1.00273137  9485
TIANLIAN 1-03           
1 38730U 12040A   15041.07423829  .00000106  00000-0  10000-3 0  9995
2 38730   0.1174 268.4939 0004038   0.0896 274.7486  1.00275614  9424
INTELSAT 20 (IS-20)     
1 38740U 12043A   15041.02748870 -.00000027  00000-0  00000+0 0  9998
2 38740   0.0106 295.3672 0001131 347.1360 295.6646  1.00273320  9268
HYLAS 2                 
1 38741U 12043B   15040.21508352  .00000151  00000-0  10000-3 0  9990
2 38741   0.0429 262.8051 0002022  51.2286 293.3597  1.00274460  9274
INTELSAT 21 (IS-21)     
1 38749U 12045A   15038.11242626 -.00000292  00000-0  00000+0 0  9997
2 38749   0.0134  70.9391 0003268 245.4644 162.9547  1.00271945  9055
ASTRA 2F                
1 38778U 12051A   15041.22432831  .00000147  00000-0  00000+0 0  9999
2 38778   0.0414 255.4831 0003290  19.1262 334.3027  1.00271809  8724
GSAT-10                 
1 38779U 12051B   15041.76517383 -.00000167  00000-0  10000-3 0  9993
2 38779   0.0978 257.8732 0001931 339.9218 261.1971  1.00271395  8736
INTELSAT 23 (IS-23)     
1 38867U 12057A   15041.43185472 -.00000287  00000-0  00000+0 0  9999
2 38867   0.0404 278.7339 0001623  52.5704 271.3235  1.00272531  8558
BEIDOU G6               
1 38953U 12059A   15041.98879749 -.00000139  00000-0  10000-3 0  9995
2 38953   0.1566 317.5670 0002143 334.1860 284.9651  1.00271958  8491
LUCH 5B                 
1 38977U 12061A   15041.36761958 -.00000128  00000-0  00000+0 0  9991
2 38977   1.8141  82.7989 0002818 188.3488 345.4508  1.00275138  8614
YAMAL 300K              
1 38978U 12061B   15041.95063198 -.00000231  00000-0  10000-3 0  9998
2 38978   0.0709 264.4629 0000607 247.8518  60.6384  1.00270236  8314
STAR ONE C3             
1 38991U 12062A   15041.22478958 -.00000252  00000-0  10000-3 0  9991
2 38991   0.0635  97.8730 0002308 225.4559 182.5566  1.00272114  8295
EUTELSAT 21B            
1 38992U 12062B   15041.55031395  .00000127  00000-0  00000+0 0  9993
2 38992   0.0637  16.7051 0002139 326.9178  16.3507  1.00270853  8310
ECHOSTAR 16             
1 39008U 12065A   15041.13604279 -.00000285  00000-0  10000-3 0  9997
2 39008   0.0044 129.1708 0002739 186.2871 171.8842  1.00272091  8249
CHINASAT 12 (ZX 12)     
1 39017U 12067A   15041.84362041 -.00000209  00000-0  10000-3 0  9991
2 39017   0.0097  83.5718 0002828 241.3272 206.8837  1.00272931  8154
EUTELSAT 70B            
1 39020U 12069A   15041.09702500 -.00000046  00000-0  10000-3 0  9991
2 39020   0.0672  16.6584 0003325 239.7402 348.8656  1.00273175  8049
YAMAL 402               
1 39022U 12070A   15041.07513017  .00000083  00000-0  10000-3 0  9996
2 39022   0.0515 267.9577 0001667 125.1685 188.6249  1.00273912  8034
SKYNET 5D               
1 39034U 12075A   15041.90736940  .00000097  00000-0  10000-3 0  9993
2 39034   0.0712 349.0009 0003922 325.3636 205.6606  1.00271332  7966
MEXSAT 3                
1 39035U 12075B   15041.42527490 -.00000028  00000-0  10000-3 0  9994
2 39035   0.0511 253.6589 0001793  59.0340 225.7716  1.00272337  7910
TDRS 11                 
1 39070U 13004A   15041.50407198  .00000094  00000-0  00000+0 0  9994
2 39070   6.3723 330.2241 0010505 274.7701 265.5114  1.00269310  7458
AMAZONAS 3              
1 39078U 13006A   15041.18109795 -.00000285  00000-0  10000-3 0  9998
2 39078   0.0520 253.4760 0003956  29.3174 221.3406  1.00273574  7400
AZERSPACE 1             
1 39079U 13006B   15039.48811113  .00000129  00000-0  00000+0 0  9994
2 39079   0.0089 288.4890 0001907  56.2227  15.2596  1.00269453  7383
EUTELSAT 117 WEST A     
1 39122U 13012A   15041.48679134 -.00000016  00000-0  00000+0 0  9994
2 39122   0.0025 141.9158 0002719 181.4663 235.2661  1.00273229  6910
ANIK G1                 
1 39127U 13014A   15040.38076156 -.00000077  00000-0  00000+0 0  9991
2 39127   0.0101 212.3137 0002676  89.2514 227.3312  1.00272721  6698
CHINASAT 11 (ZX 11)     
1 39157U 13020A   15041.47521929 -.00000293  00000-0  00000+0 0  9995
2 39157   0.0523 272.0648 0001124 315.2231 181.9984  1.00270136  6591
EUTELSAT 7B             
1 39163U 13022A   15041.22848101  .00000045  00000-0  00000+0 0  9995
2 39163   0.0661 334.7166 0003114 329.2942 285.1946  1.00272668  6437
SES-6                   
1 39172U 13026A   15042.13294931 -.00000264  00000-0  00000+0 0  9990
2 39172   0.0437 281.9474 0002617  34.2678 192.0177  1.00272901  6194
IRNSS-1A                
1 39199U 13034A   15038.93215053  .00000103  00000-0  00000+0 0  9990
2 39199  27.6059 130.3576 0021995 182.7452 215.1628  1.00271209  6072
ALPHASAT                
1 39215U 13038A   15041.22372653  .00000138  00000-0  00000+0 0  9997
2 39215   0.6878  35.7293 0002297 281.8648 287.7374  1.00274163  5701
INSAT-3D                
1 39216U 13038B   15041.60721443 -.00000159  00000-0  00000+0 0  9999
2 39216   0.1042 259.9453 0001135  54.8779 126.2355  1.00272645  5744
EUTELSAT 25B            
1 39233U 13044A   15039.54493236  .00000139  00000-0  00000+0 0  9998
2 39233   0.0467  33.8056 0001708 316.8721   9.2965  1.00273400  5348
GSAT-7                  
1 39234U 13044B   15041.93911343 -.00000080  00000-0  00000+0 0  9995
2 39234   0.0469 265.4739 0010154  17.1780 270.0810  1.00272780  5340
AMOS-4                  
1 39237U 13045A   15041.43009811  .00000005  00000-0  00000+0 0  9998
2 39237   0.0393 106.2602 0001489 211.9945  41.7340  1.00272109  5333
ASTRA 2E                
1 39285U 13056A   15041.22432831  .00000147  00000-0  10000-3 0  9994
2 39285   0.0552 312.0473 0002328   4.7739 292.2459  1.00273900  5028
SIRIUS FM-6             
1 39360U 13058A   15040.34919441 -.00000020  00000-0  00000+0 0  9995
2 39360   0.0093 103.8406 0000625 162.3689 242.4477  1.00272682  4771
RADUGA-1M 3             
1 39375U 13062A   15041.84802058 -.00000041  00000-0  10000-3 0  9995
2 39375   0.0203 138.4135 0002684 184.2962 193.1569  1.00273144  4573
SES-8                   
1 39460U 13071A   15041.83553020 -.00000272  00000-0  00000+0 0  9992
2 39460   0.0470 270.8152 0001280  88.1288 177.4179  1.00271096  4316
INMARSAT 5-F1           
1 39476U 13073A   15041.09504061  .00000025  00000-0  10000-3 0  9990
2 39476   0.0085  87.3554 0000455 265.0757 244.2315  1.00272934  4364
TKSAT-1 (TUPAC KATARI)  
1 39481U 13075A   15042.25730461 -.00000198  00000-0  10000-3 0  9994
2 39481   0.0150 131.8874 0003076 160.6682 213.8809  1.00274042  4296
EXPRESS-AM5             
1 39487U 13077A   15040.64584373 -.00000283  00000-0  00000+0 0  9992
2 39487   0.0379 257.4951 0001055 121.8009 132.6208  1.00272014  4819
GSAT-14                 
1 39498U 14001A   15041.93911398 -.00000080  00000-0  00000+0 0  9991
2 39498   0.0723 260.4835 0004121  36.9546 255.3443  1.00273050  4026
THAICOM 6               
1 39500U 14002A   15041.54163806 -.00000124  00000-0  10000-3 0  9990
2 39500   0.0717 143.7496 0000470  60.1758 209.8515  1.00271919  3975
TDRS 12                 
1 39504U 14004A   15040.92013889 -.00000270  00000-0  00000+0 0  9999
2 39504   6.7200 338.2814 0003510 353.2254  97.9319  1.00270441  3886
ABS-2                   
1 39508U 14006A   15039.40795385 -.00000090  00000-0  00000+0 0  9994
2 39508   0.0469 273.8076 0002371  42.2528  43.8977  1.00271484  3755
ATHENA-FIDUS            
1 39509U 14006B   15041.93002397  .00000151  00000-0  00000+0 0  9997
2 39509   0.0028 112.0311 0001477 219.0161 182.2115  1.00274221  3952
TURKSAT 4A              
1 39522U 14007A   15041.07484050  .00000143  00000-0  10000-3 0  9994
2 39522   0.0643 271.0751 0004924  19.5206 278.1524  1.00274656  3644
EXPRESS-AT1             
1 39612U 14010A   15041.09279618  .00000075  00000-0  00000+0 0  9991
2 39612   0.0498 262.6117 0000246 133.4000 193.2362  1.00274416  3488
EXPRESS-AT2             
1 39613U 14010B   15041.24582266 -.00000284  00000-0  00000+0 0  9998
2 39613   0.0431 269.5445 0000839 184.1996 274.5570  1.00271191  3325
AMAZONAS 4A             
1 39616U 14011A   15042.23055134 -.00000285  00000-0  00000+0 0  9992
2 39616   0.0294  56.6260 0004873 298.7048 167.6905  1.00273179  3318
ASTRA 5B                
1 39617U 14011B   15041.90766374  .00000152  00000-0  00000+0 0  9993
2 39617   0.0453 292.7733 0002083  26.3394 179.8153  1.00276117  3319
IRNSS-1B                
1 39635U 14017A   15038.82117866  .00000066  00000-0  00000+0 0  9996
2 39635  30.5455 308.0884 0019287 184.9621 355.2230  1.00277385  3218
LUCH 5V                 
1 39727U 14023A   15041.71992846 -.00000271  00000-0  00000+0 0  9995
2 39727   4.2885 301.5407 0003329  30.8489 162.3177  1.00271201520969
KAZSAT 3                
1 39728U 14023B   15041.78390432  .00000058  00000-0  00000+0 0  9998
2 39728   0.0453 274.0985 0000498 198.6185   8.5063  1.00274035  2890
EUTELSAT 3B             
1 39773U 14030A   15042.12544867  .00000017  00000-0  00000+0 0  9993
2 39773   0.0487  24.5993 0003241 247.3204 277.1846  1.00273014  2661
ASIASAT 8               
1 40107U 14046A   15041.86469469 -.00000336  00000-0  00000+0 0  9992
2 40107   0.0084  71.0492 0001170 224.2980 261.8578  1.00273416  1940
ASIASAT 6               
1 40141U 14052A   15040.88989368 -.00000365  00000-0  10000-3 0  9990
2 40141   0.0487 268.2878 0000948  12.6809 298.9344  1.00271397  1593
OPTUS 10                
1 40146U 14054A   15039.49447698 -.00000079  00000-0  00000+0 0  9994
2 40146   0.0134 118.3704 0002787 201.7310 160.1557  1.00272940  1547
MEASAT-3B               
1 40147U 14054B   15041.96170506 -.00000245  00000-0  10000-3 0  9991
2 40147   0.0413 294.2103 0003167  32.7436 251.4983  1.00272679  1613
LUCH (OLYMP)            
1 40258U 14058A   15041.76517362 -.00000290  00000-0  00000+0 0  9996
2 40258   0.0287 142.3096 0004083 316.0907  40.5710  1.01029557  1383
HIMAWARI 8              
1 40267U 14060A   15041.77155900 -.00000278  00000-0  00000+0 0  9992
2 40267   0.0419 283.9430 0001266  40.4978 234.5453  1.00272321  1309
IRNSS-1C                
1 40269U 14061A   15041.60721443 -.00000165  00000-0  10000-3 0  9998
2 40269   4.7460 270.9857 0022009   6.2784 164.7172  1.00274962  1260
GSAT 16                 
1 40332U 14078A   15041.09279618  .00000082  00000-0  00000+0 0  9994
2 40332   0.0696 251.7318 0003565 155.7381 180.7952  1.00273021   694
DIRECTV 14              
1 40333U 14078B   15041.48722584 -.00000128  00000-0  00000+0 0  9995
2 40333   0.0239 101.1799 0000249 284.4025 190.7892  1.00272070   686
YAMAL 401               
1 40345U 14082A   15041.95063082 -.00000230  00000-0  00000+0 0  9990
2 40345   0.0402 219.1230 0000417 311.4742  42.2048  1.00269440   855
ASTRA 2G                
1 40364U 14089A   15041.16662539  .00000126  00000-0  00000+0 0  9996
2 40364   0.0493 265.3804 0001030 142.8130 172.9111  1.00276630   463
FENGYUN 2G              
1 40367U 14090A   15042.14949819 -.00000300  00000-0  00000+0 0  9994
2 40367   2.2011 278.1373 0003115 228.6690 147.2645  1.00261796   496
