LAGEOS 1                
1 08820U 76039A   15040.32519656  .00000020  00000-0  00000+0 0  9991
2 08820 109.8154 199.1559 0044021 110.4747 254.5958  6.38664609648792
AJISAI (EGS)            
1 16908U 86061A   15041.20883509 -.00000073  00000-0  17074-3 0  9994
2 16908  50.0084 292.6919 0011575  70.2180 110.2515 12.44479375964604
LAGEOS 2                
1 22195U 92070B   15041.81645794 -.00000009  00000-0  00000+0 0  9991
2 22195  52.6756   5.9420 0138370 175.1596 169.4971  6.47293731527326
STELLA                  
1 22824U 93061B   15041.90273808 -.00000020  00000-0  98679-5 0  9992
2 22824  98.7073 346.1660 0006675  32.5353  63.8096 14.27349271113710
GRACE-1                 
1 27391U 02012A   15042.03188052  .00015957  00000-0  22937-3 0  9999
2 27391  88.9969  83.9409 0005825 290.4120 162.3037 15.55946239723164
GRACE-2                 
1 27392U 02012B   15041.65616725  .00016772  00000-0  24117-3 0  9998
2 27392  88.9971  84.0335 0006095 293.4904 218.4929 15.55935678723103
LARES                   
1 38077U 12006A   15042.01042813 -.00000022  00000-0  10000-3 0  9994
2 38077  69.4922 170.8722 0009213 337.0545  23.0061 12.54930589137221
