COSMOS 2413 (712)       
1 28509U 04053B   15041.14545498  .00000085  00000-0  10000-3 0  9994
2 28509  63.1491 207.6606 0005409 163.0956  84.2927  2.13101802 78796
COSMOS 2419 (714)       
1 28915U 05050A   15041.68764872  .00000003  00000-0  00000+0 0  9996
2 28915  65.1210  94.7986 0016038 345.5666 310.8664  2.13107665 71050
COSMOS 2425 (716)       
1 29670U 06062A   15041.44487226 -.00000045  00000-0  10000-3 0  9990
2 29670  65.8138 333.6927 0023680 343.3012 194.1820  2.13104947 63257
COSMOS 2426 (717)       
1 29671U 06062B   15042.00153426 -.00000045  00000-0  10000-3 0  9996
2 29671  65.8296 333.7430 0014755 169.5102 299.4503  2.13102988 63276
COSMOS 2424 (715)       
1 29672U 06062C   15041.89081966 -.00000045  00000-0  10000-3 0  9992
2 29672  65.8140 333.6846 0014242 168.7188  33.0063  2.13101973 63266
COSMOS 2433 (720)       
1 32275U 07052A   15042.01231576  .00000005  00000-0  10000-3 0  9999
2 32275  65.1353  94.5487 0004257 257.0507 186.6378  2.13105126 56781
COSMOS 2432 (719)       
1 32276U 07052B   15041.10934340  .00000002  00000-0  10000-3 0  9995
2 32276  65.1480  94.6370 0012158 330.5684  95.3371  2.13104335 56765
COSMOS 2434 (721)       
1 32393U 07065A   15041.20247066 -.00000045  00000-0  00000+0 0  9995
2 32393  65.4346 333.2566 0002192  79.8887 358.9997  2.13102695 55479
COSMOS 2436 (723)       
1 32395U 07065C   15041.61068613 -.00000045  00000-0  10000-3 0  9996
2 32395  65.4479 333.2771 0018910 349.5820 134.4586  2.13102818 55417
COSMOS 2443 (725)       
1 33379U 08046B   15041.70893182  .00000004  00000-0  10000-3 0  9990
2 33379  65.0630  94.0243 0019277 189.5384 292.5624  2.13101562 49647
COSMOS 2456 (730)       
1 36111U 09070A   15042.06244622  .00000096  00000-0  00000+0 0  9990
2 36111  64.2072 212.9441 0003901 351.5086 194.0411  2.13102957 40159
COSMOS 2457 (733)       
1 36112U 09070B   15041.71855549  .00000094  00000-0  00000+0 0  9996
2 36112  64.1889 212.8940 0007474 143.1347 271.2431  2.13101510 40156
COSMOS 2458 (734)       
1 36113U 09070C   15042.00222343  .00000095  00000-0  10000-3 0  9996
2 36113  64.1944 212.8865 0003341  59.2003 259.5724  2.13101963 40156
COSMOS 2459 (731)       
1 36400U 10007A   15041.69186648  .00000004  00000-0  10000-3 0  9998
2 36400  65.0410  93.7733 0029063 349.7547  77.8319  2.13102550 38502
COSMOS 2461 (735)       
1 36401U 10007B   15041.43526200  .00000003  00000-0  10000-3 0  9992
2 36401  65.0339  93.7681 0004091  79.4003  61.8347  2.13102435 38497
COSMOS 2460 (732)       
1 36402U 10007C   15042.22078429  .00000005  00000-0  10000-3 0  9998
2 36402  65.0246  93.7247 0001758 245.3439 181.1493  2.13102076 38519
COSMOS 2466 (738)       
1 37137U 10041A   15041.62377468 -.00000046  00000-0  10000-3 0  9996
2 37137  65.0191 333.5999 0018312 154.8522 111.0795  2.13102323 34578
COSMOS 2465 (737)       
1 37138U 10041B   15042.17974275 -.00000046  00000-0  00000+0 0  9992
2 37138  65.0347 333.6437 0032613 169.8492 344.6650  2.13102726 34584
COSMOS 2464 (736)       
1 37139U 10041C   15041.47271627 -.00000046  00000-0  00000+0 0  9996
2 37139  65.0375 333.6590 0022900   9.2465  97.3716  2.13102759 34571
COSMOS 2471 (701K)      
1 37372U 11009A   15041.43263483  .00000003  00000-0  00000+0 0  9999
2 37372  65.0216  93.7030 0009051 235.4603  77.3271  2.13103039 30769
COSMOS 2474 (742)       
1 37829U 11055A   15041.49915640  .00000093  00000-0  00000+0 0  9991
2 37829  64.5309 213.1719 0005240 256.0716  80.9744  2.13101905 26136
COSMOS 2476 (744)       
1 37867U 11064A   15041.44519203  .00000093  00000-0  00000+0 0  9993
2 37867  64.5108 213.2677 0013883 250.2569  90.9908  2.13102009 25489
COSMOS 2477 (745)       
1 37868U 11064B   15041.64806650  .00000094  00000-0  00000+0 0  9992
2 37868  64.5193 213.2961 0011910 251.6788  64.7758  2.13101866 25445
COSMOS 2475 (743)       
1 37869U 11064C   15041.31234459  .00000092  00000-0  00000+0 0  9997
2 37869  64.5268 213.2908 0018532 283.2347  91.4883  2.13102057 25459
COSMOS 2478 (746)       
1 37938U 11071A   15041.68690388  .00000004  00000-0  00000+0 0  9992
2 37938  65.0515  93.8961 0015051 240.3474  47.2287  2.13102448 25064
COSMOS 2485 (747)       
1 39155U 13019A   15041.45163483  .00000093  00000-0  00000+0 0  9993
2 39155  64.6802 213.1101 0014097 243.6613 147.8190  2.13102071 13962
COSMOS 2492 (754)       
1 39620U 14012A   15041.75387813  .00000008  00000-0  12172+2 0  9993
2 39620  64.9122  93.7988 0016183 328.3448 326.4687  2.13103703  6935
COSMOS 2500 (755)       
1 40001U 14032A   15041.71401119  .00000003  00000-0  00000+0 0  9992
2 40001  64.8523  93.8620 0007596 214.0260 274.7489  2.13103025  5132
COSMOS 2501 (702K)      
1 40315U 14075A   15041.65286528 -.00000046  00000-0  00000+0 0  9993
2 40315  64.8052 335.2595 0017361 243.7530   2.2985  2.13101377  1534
