LEASAT 5                
1 20410U 90002B   15041.03699022 -.00000075  00000-0  00000+0 0  9992
2 20410  11.1414  19.2204 0003596 228.9925 336.9099  1.00273830 77129
INTELSAT 603 (IS-603)   
1 20523U 90021A   15042.16420084  .00000038  00000-0  00000+0 0  9991
2 20523  10.5575  42.6770 0004643 299.9050  60.1258  0.99481482 84137
INTELSAT 701 (IS-701)   
1 22871U 93066A   15040.34999897 -.00000219  00000-0  00000+0 0  9994
2 22871   2.5368  71.9639 0004175 249.4062 274.2215  1.00271749 77867
INTELSAT 702 (IS-702)   
1 23124U 94034A   15041.67650738  .00000150  00000-0  10000-3 0  9995
2 23124   2.8877  70.3730 0003388 264.6088  81.8537  1.00271546 89816
INTELSAT 706 (IS-706)   
1 23571U 95023A   15041.27188781 -.00000091  00000-0  10000-3 0  9995
2 23571   2.8136  68.8003 0002536 195.3962 164.8348  0.99053837 72238
INTELSAT 26 (IS-26)     
1 24732U 97007A   15041.02987289 -.00000008  00000-0  00000+0 0  9995
2 24732   6.0363  56.9341 0003491 261.7751 257.6047  1.00272506 65759
GALAXY 25 (G-25)        
1 24812U 97026A   15039.42558733 -.00000167  00000-0  00000+0 0  9990
2 24812   0.0202 107.2392 0003055 237.5049 213.5579  1.00270749 64800
INTELSAT 5 (IS-5)       
1 24916U 97046A   15041.66414737 -.00000142  00000-0  00000+0 0  9994
2 24916   1.8527  75.6475 0003221 272.9966 187.8495  1.00272265 64074
INTELSAT 805 (IS-805)   
1 25371U 98037A   15042.15007894 -.00000288  00000-0  10000-3 0  9994
2 25371   0.0174 215.1686 0004070 112.7734 171.4685  1.00272096 61014
INTELSAT 7 (IS-7)       
1 25473U 98052A   15041.17769913 -.00000146  00000-0  00000+0 0  9990
2 25473   1.4319  78.7215 0006114 215.5675 251.3930  1.00271063 60081
AFRISTAR                
1 25515U 98063A   15041.16662539  .00000124  00000-0  00000+0 0  9999
2 25515   1.6887  71.3533 0004390 243.6993 265.8384  1.00274718 59611
INTELSAT 8 (IS-8)       
1 25522U 98065A   15040.42801363 -.00000034  00000-0  00000+0 0  9998
2 25522   0.0442 267.9119 0003098  46.6772 147.6709  1.00273607 59593
GALAXY 26 (G-26)        
1 25626U 99005A   15039.66826613  .00000065  00000-0  00000+0 0  9990
2 25626   3.0163  84.0877 0000866   5.6778 166.5225  0.98994908 58526
GALAXY 27 (G-27)        
1 25922U 99052A   15041.75974852 -.00000007  00000-0  00000+0 0  9990
2 25922   1.5131  77.4257 0004134 237.7010 165.0805  1.00274089 56330
DIRECTV 1R              
1 25937U 99056A   15041.66655414 -.00000275  00000-0  00000+0 0  9997
2 25937   2.1090  73.7535 0003200 154.8206 305.5225  0.98962837 56174
GALAXY 11 (G-11)        
1 26038U 99071A   15042.15007894 -.00000288  00000-0  10000-3 0  9994
2 26038   0.0822 271.2680 0000806  38.9240 189.0998  1.00271088 55550
SIRIUS-1                
1 26390U 00035A   15040.53687348  .00000106  00000-0  00000+0 0  9998
2 26390  59.8833 237.5709 2662787 269.6310  90.1846  1.00274934 53529
INTELSAT 9 (IS-9)       
1 26451U 00043A   15042.08769468 -.00000273  00000-0  10000-3 0  9992
2 26451   1.8383  75.8965 0002735 247.8791 165.5029  1.00272196 53293
SIRIUS-2                
1 26483U 00051A   15039.53159586  .00000013  00000-0  00000+0 0  9992
2 26483  64.3029 117.4097 2660341 270.8163 204.2698  1.00264850 52854
INTELSAT 12 (IS-12)     
1 26590U 00068A   15039.08104501  .00000132  00000-0  00000+0 0  9998
2 26590   0.0116 305.2660 0003377  34.3001 232.4528  1.00271796 52269
INTELSAT 1R (IS-1R)     
1 26608U 00072A   15042.14248803 -.00000285  00000-0  10000-3 0  9993
2 26608   0.0408 263.1605 0000935 347.6571 251.3623  1.00271145 52122
SIRIUS-3                
1 26626U 00077A   15040.50266600 -.00000106  00000-0  00000+0 0  9998
2 26626  64.5128 357.1433 2688294 269.6117 317.5939  1.00279451 51997
XM-2 (ROCK)             
1 26724U 01012A   15040.02186965  .00000034  00000-0  00000+0 0  9998
2 26724   0.3762  72.0664 0006108 272.5385  15.3546  0.99080701 50950
XM-1 (ROLL)             
1 26761U 01018A   15041.39734734 -.00000025  00000-0  10000-3 0  9995
2 26761   0.1616 259.6136 0003668 325.6910 302.6192  1.00273309 50462
INTELSAT 10 (IS-10)     
1 26766U 01019A   15041.67783623  .00000124  00000-0  00000+0 0  9997
2 26766   0.0168  74.1496 0002611 245.4560 112.3282  1.00272452 50378
INTELSAT 901 (IS-901)   
1 26824U 01024A   15040.16627469 -.00000144  00000-0  00000+0 0  9999
2 26824   0.0228  57.4004 0003282 264.5591 218.8123  1.00273084 50097
INTELSAT 902 (IS-902)   
1 26900U 01039A   15040.07916289  .00000029  00000-0  00000+0 0  9992
2 26900   0.0080  84.4090 0003332 241.2660 263.6596  1.00273605 49211
DIRECTV 4S              
1 26985U 01052A   15042.13719809 -.00000116  00000-0  00000+0 0  9996
2 26985   0.0136 212.8814 0002525 118.2967 117.8979  1.00272753 48445
INTELSAT 904 (IS-904)   
1 27380U 02007A   15040.07911715  .00000045  00000-0  10000-3 0  9993
2 27380   0.0233  14.2778 0003389 307.1181 265.9184  1.00273983 47529
INTELSAT 903 (IS-903)   
1 27403U 02016A   15039.26810500 -.00000243  00000-0  00000+0 0  9994
2 27403   0.0193  71.8706 0003361 265.6748 222.5107  1.00271414 47102
DIRECTV 5 (TEMPO 1)     
1 27426U 02023A   15041.39012580 -.00000058  00000-0  10000-3 0  9995
2 27426   0.0158  27.1326 0003073 288.6994 214.6149  1.00272798 46763
INTELSAT 905 (IS-905)   
1 27438U 02027A   15039.09676091 -.00000190  00000-0  00000+0 0  9991
2 27438   0.0685 283.3016 0002450  29.0730 195.8232  1.00270113 46421
GALAXY 3C (G-3C)        
1 27445U 02030A   15040.48173699 -.00000154  00000-0  10000-3 0  9999
2 27445   0.0106  47.6738 0001691 303.3208 226.5986  1.00272693 46381
INTELSAT 906 (IS-906)   
1 27513U 02041A   15040.96995014  .00000012  00000-0  00000+0 0  9990
2 27513   0.0313 298.8707 0003446  26.1997 227.9609  1.00272642 45513
INTELSAT 907 (IS-907)   
1 27683U 03007A   15039.07923075 -.00000207  00000-0  00000+0 0  9996
2 27683   0.0250  85.5085 0002882 243.3083 170.0490  1.00271820 43851
GALAXY 12 (G-12)        
1 27715U 03013B   15042.25669971  .00000056  00000-0  10000-3 0  9991
2 27715   0.0506 264.5776 0001561  53.8640 145.9473  1.00273592 43459
GALAXY 23 (G-23)        
1 27854U 03034A   15039.53912280  .00000009  00000-0  00000+0 0  9992
2 27854   0.0168 103.5977 0003234 212.5155 255.2831  1.00273599 42062
GALAXY 13 (HORIZONS-1)  
1 27954U 03044A   15040.68276209  .00000045  00000-0  00000+0 0  9996
2 27954   0.0039 167.6605 0001323 105.7920 344.7599  1.00273886 41657
DIRECTV 7S              
1 28238U 04016A   15041.48673036 -.00000002  00000-0  00000+0 0  9994
2 28238   0.0234 357.8118 0002910 312.5615 246.0094  1.00273883 39528
INTELSAT 10-02          
1 28358U 04022A   15040.20573866 -.00000014  00000-0  10000-3 0  9991
2 28358   0.0313 127.7062 0001558 242.6715 201.6685  1.00273382 39057
XM-3 (RHYTHM)           
1 28626U 05008A   15041.42600670 -.00000208  00000-0  10000-3 0  9998
2 28626   0.0100 227.7889 0000193 125.6847 214.9426  1.00272385 36506
SPACEWAY 1              
1 28644U 05015A   15042.21534299 -.00000105  00000-0  00000+0 0  9998
2 28644   0.0390 279.3576 0000162 126.3312  69.8548  1.00272406 35969
DIRECTV 8               
1 28659U 05019A   15038.49700094 -.00000121  00000-0  00000+0 0  9999
2 28659   0.0175  65.7298 0003339 256.9042 252.6970  1.00272514 35593
GALAXY 28 (G-28)        
1 28702U 05022A   15041.42591522 -.00000188  00000-0  00000+0 0  9996
2 28702   0.0151  36.3883 0000624  50.9465 117.1316  1.00271650 35314
GALAXY 14 (G-14)        
1 28790U 05030A   15041.48657791  .00000034  00000-0  10000-3 0  9993
2 28790   0.0432 279.9437 0002295  58.7860 211.6396  1.00272298 34747
GALAXY 15 (G-15)        
1 28884U 05041A   15040.45045484  .00000076  00000-0  00000+0 0  9996
2 28884   0.0456 273.4150 0001702  40.9630 213.9869  1.00273758 34098
SPACEWAY 2              
1 28903U 05046B   15041.42567130 -.00000129  00000-0  00000+0 0  9998
2 28903   0.0116 241.2854 0000162 328.2274 344.8131  1.00272090 33938
GALAXY 16 (G-16)        
1 29236U 06023A   15041.42567130 -.00000129  00000-0  10000-3 0  9999
2 29236   0.0561 261.0013 0003215  67.6978 225.6963  1.00272517 31702
DIRECTV 9S              
1 29494U 06043A   15042.20226167 -.00000116  00000-0  00000+0 0  9997
2 29494   0.0108 258.1188 0003284  59.0654 155.4553  1.00272703 30551
XM-4 (BLUES)            
1 29520U 06049A   15042.07298311 -.00000025  00000-0  00000+0 0  9997
2 29520   0.0117 235.2806 0000400 194.2234 342.3301  1.00272069 30448
GALAXY 17 (G-17)        
1 31307U 07016B   15041.50457510 -.00000177  00000-0  00000+0 0  9991
2 31307   0.0249   3.7371 0002972 329.2736 257.8700  1.00271601 28517
DIRECTV 10              
1 31862U 07032A   15041.25345796 -.00000106  00000-0  00000+0 0  9991
2 31862   0.0531 282.5324 0000156  57.2787 148.6050  1.00272694 27841
SPACEWAY 3              
1 32018U 07036A   15040.48173730 -.00000155  00000-0  10000-3 0  9999
2 32018   0.0121 223.7026 0000282  56.7799 297.2229  1.00272523 27551
INTELSAT 11 (IS-11)     
1 32253U 07044B   15040.44913524 -.00000272  00000-0  10000-3 0  9998
2 32253   0.0433 272.3239 0003184  52.3241 293.2371  1.00272585 26957
HORIZONS-2              
1 32388U 07063B   15041.78456966 -.00000185  00000-0  10000-3 0  9991
2 32388   0.0491 280.5933 0002306  36.8949 190.3306  1.00271871 26322
DIRECTV 11              
1 32729U 08013A   15041.42567130 -.00000128  00000-0  00000+0 0  9995
2 32729   0.0078 211.8700 0000205  92.3934 249.9516  1.00271513 25379
GALAXY 18 (G-18)        
1 32951U 08024A   15041.48663126  .00000023  00000-0  00000+0 0  9995
2 32951   0.0150 200.2312 0002972 128.3827 223.7913  1.00272536 24570
INTELSAT 25 (IS-25)     
1 33153U 08034A   15039.26575021 -.00000229  00000-0  00000+0 0  9999
2 33153   0.0459 274.7606 0003273  24.6910 262.7303  1.00270704 24127
GALAXY 19 (G-19)        
1 33376U 08045A   15041.06766336 -.00000142  00000-0  00000+0 0  9994
2 33376   0.0091 159.2801 0003398 155.9276 111.9541  1.00272169 23339
SIRIUS FM-5             
1 35493U 09034A   15041.42574752 -.00000148  00000-0  00000+0 0  9990
2 35493   0.0154 357.6450 0000677 293.1600 266.6295  1.00272304 20509
INTELSAT 14 (IS-14)     
1 36097U 09064A   15040.35478088 -.00000277  00000-0  00000+0 0  9993
2 36097   0.0158  68.4529 0002045 254.3288 259.0228  1.00270966 19131
INTELSAT 15 (IS-15)     
1 36106U 09067A   15040.85088911 -.00000188  00000-0  10000-3 0  9990
2 36106   0.0146  68.8963 0002541 254.0042 208.1698  1.00273007 19035
DIRECTV 12              
1 36131U 09075A   15041.42557981 -.00000106  00000-0  10000-3 0  9999
2 36131   0.0374 260.3317 0000448  35.4994 254.7685  1.00272598 18822
INTELSAT 16 (IS-16)     
1 36397U 10006A   15041.42615154 -.00000236  00000-0  00000+0 0  9995
2 36397   0.0249 345.3737 0002302 346.3981 242.8018  1.00272574 18235
XM-5                    
1 37185U 10053A   15041.42600670 -.00000207  00000-0  10000-3 0  9993
2 37185   0.0151 264.8257 0000833 141.4414 162.0306  1.00271664 15887
INTELSAT 17 (IS-17)     
1 37238U 10065B   15041.07538172 -.00000005  00000-0  00000+0 0  9994
2 37238   0.0034 133.2794 0003312 182.1049 277.5694  1.00273510 15415
INTELSAT NEW DAWN       
1 37392U 11016A   15041.67659600  .00000153  00000-0  10000-3 0  9996
2 37392   0.0450 258.5393 0000680 353.1287 165.1361  1.00275084 13984
INTELSAT 18 (IS-18)     
1 37834U 11056A   15041.52515359  .00000050  00000-0  00000+0 0  9998
2 37834   0.0216  95.0241 0002428 224.6535 189.6457  1.00273206 12341
INTELSAT 22 (IS-22)     
1 38098U 12011A   15038.87820838 -.00000064  00000-0  00000+0 0  9994
2 38098   0.0253  28.3931 0002311 286.8992 210.6146  1.00272674 10524
INTELSAT 19 (IS-19)     
1 38356U 12030A   15040.82570521 -.00000059  00000-0  00000+0 0  9995
2 38356   0.0403 285.1311 0003142  42.9254 274.7578  1.00272941  9950
INTELSAT 20 (IS-20)     
1 38740U 12043A   15041.02748870 -.00000027  00000-0  00000+0 0  9998
2 38740   0.0106 295.3672 0001131 347.1360 295.6646  1.00273320  9268
INTELSAT 21 (IS-21)     
1 38749U 12045A   15038.11242626 -.00000292  00000-0  00000+0 0  9997
2 38749   0.0134  70.9391 0003268 245.4644 162.9547  1.00271945  9055
INTELSAT 23 (IS-23)     
1 38867U 12057A   15041.43185472 -.00000287  00000-0  00000+0 0  9999
2 38867   0.0404 278.7339 0001623  52.5704 271.3235  1.00272531  8558
SIRIUS FM-6             
1 39360U 13058A   15040.34919441 -.00000020  00000-0  00000+0 0  9995
2 39360   0.0093 103.8406 0000625 162.3689 242.4477  1.00272682  4771
INTELSAT 30 (IS-30)     
1 40271U 14062A   15041.42577039 -.00000153  00000-0  00000+0 0  9994
2 40271   0.0247 103.1687 0001891 124.8183 330.3829  1.00271556  1210
