MTI                     
1 26102U 00014A   15042.07749619  .00020569  00000-0  65950-3 0  9991
2 26102  97.4694 176.3847 0013071 114.2434 301.0074 15.32292022822521
CFESAT                  
1 30777U 07006F   15040.54228755  .00014429  00000-0  64452-3 0  9999
2 30777  35.4274  94.5511 0004680 195.0988 164.9594 15.20565294436666
NFIRE                   
1 31140U 07014A   15042.14826655  .00017476  00000-0  40421-3 0  9999
2 31140  48.2180  36.7865 0014820 316.7208  91.0646 15.42351004442394
SPIRALE A               
1 33751U 09008C   15040.95863653  .00002515  00000-0  80411-3 0  9991
2 33751   2.0880 290.8263 5625538 182.9738 341.6918  4.57653823 71464
SPIRALE B               
1 33752U 09008D   15039.99256131  .00022227  00000-0  30851-2 0  9995
2 33752   2.0589  64.9537 7059220 262.0420  19.7789  2.57956178 52054
SAPPHIRE                
1 39088U 13009C   15041.55584264  .00000222  00000-0  95510-4 0  9991
2 39088  98.6079 239.6657 0011192 316.9527  43.0782 14.33994660102455
