COSMOS 2361             
1 25590U 98076A   15040.52887459  .00000093  00000-0  83434-4 0  9997
2 25590  82.9337  30.5493 0033000 110.6002  39.0375 13.72875747808111
COSMOS 2378             
1 26818U 01023A   15042.01308357  .00000074  00000-0  61975-4 0  9993
2 26818  82.9247  52.4501 0034404  65.4972 294.9769 13.73869045685836
COSMOS 2389             
1 27436U 02026A   15041.88012169  .00000052  00000-0  39126-4 0  9990
2 27436  82.9540 355.4316 0045135 303.3156  83.0744 13.74868566637666
COSMOS 2398             
1 27818U 03023A   15042.07362985  .00000077  00000-0  68838-4 0  9997
2 27818  82.9500 308.2155 0030554 304.2825  55.5437 13.72096324585393
COSMOS 2407             
1 28380U 04028A   15042.05363600  .00000083  00000-0  69463-4 0  9993
2 28380  82.9562 262.7620 0038676 321.3331  38.5057 13.75991277530115
COSMOS 2414             
1 28521U 05002A   15042.18287079  .00000106  00000-0  76214-4 0  9990
2 28521  82.9506 296.6151 0038956 261.8723  97.8019 13.87529295509436
COSMOS 2429             
1 32052U 07038A   15042.07429996  .00000205  00000-0  19884-3 0  9998
2 32052  82.9787  19.1564 0037178 286.1380  73.5682 13.74838643372274
COSMOS 2454             
1 35635U 09039A   15042.03950507  .00000131  00000-0  94249-4 0  9991
2 35635  82.9570 288.0746 0018093 231.8889 128.0663 13.89555570282017
COSMOS 2463             
1 36519U 10017A   15041.23268250  .00000127  00000-0  12343-3 0  9998
2 36519  82.9559  54.2304 0037561 107.8548 252.6724 13.71369200239876
