ISS (ZARYA)             
1 25544U 98067A   14239.91664816  .00023399  00000-0  41609-3 0  9786
2 25544  51.6475 104.0505 0003570  55.4709  68.6766 15.50042569902456
FUNCUBE-1 (AO-73)       
1 39444U 13066AE  14238.07106011  .00001147  00000-0  15909-3 0  2302
2 39444  97.7665 306.3315 0062383  17.1705 343.1613 14.78510582 39790
OSCAR 7 (AO-7)          
1 07530U 74089B   14237.88535572 -.00000039  00000-0  25716-4 0   475
2 07530 101.4796 217.4395 0012081 156.8947 268.3787 12.53606608820253
PCSAT (NO-44)           
1 26931U 01043C   14237.28018356  .00000035  00000-0  45428-4 0  6801
2 26931  67.0509 220.2832 0007245 279.3731  80.6551 14.30139659673483
UKUBE-1                 
1 40074U 14037F   14238.25854098  .00001175  00000-0  16121-3 0  1595
2 40074  98.3989 292.1305 0006596 110.2659 249.9271 14.80453128  7170
