SCD 1                   
1 22490U 93009B   15040.86261953  .00000471  00000-0  81405-4 0  9992
2 22490  24.9692 188.8873 0043037 275.6835 216.1349 14.44268449161377
TRMM                    
1 25063U 97074A   15041.96158284  .00065605  00000-0  47695-3 0  9993
2 25063  34.9536 347.4797 0004267 261.2269 158.1517 15.72144199982040
TECHSAT 1B (GO-32)      
1 25397U 98043D   15041.86100844  .00000091  00000-0  58687-4 0  9990
2 25397  98.5046 356.3729 0001087  32.6600 352.0763 14.23515976861822
SCD 2                   
1 25504U 98060A   15040.10852316  .00000484  00000-0  87463-4 0  9993
2 25504  24.9972  31.3617 0017279 315.0754 119.6423 14.43818187860648
LANDSAT 7               
1 25682U 99020A   15042.19605212  .00001172  00000-0  27012-3 0  9997
2 25682  98.2111 113.6830 0000667  85.9033 274.2394 14.57121027841796
DLR-TUBSAT              
1 25757U 99029B   15041.57079453  .00000271  00000-0  79811-4 0  9996
2 25757  98.4684 299.8386 0015531  42.8974 317.3429 14.51238927832072
QUIKSCAT                
1 25789U 99034A   15041.12244802  .00000086  00000-0  53111-4 0  9999
2 25789  98.6115 231.9947 0001431  73.0291  65.2829 14.27177109814799
IKONOS 2                
1 25919U 99051A   15042.08449445  .00000934  00000-0  18515-3 0  9999
2 25919  98.0917 118.0090 0002140 110.0296 250.1156 14.64522982822271
TERRA                   
1 25994U 99068A   15042.20930807  .00000774  00000-0  18184-3 0  9995
2 25994  98.1988 118.4848 0001172  81.3549 278.7792 14.57113447805876
EO-1                    
1 26619U 00075A   15042.09720027  .00001653  00000-0  32504-3 0  9997
2 26619  97.9464  95.8691 0008726 303.6826  56.3595 14.63850895758118
SAC-C                   
1 26620U 00075B   15041.90061494  .00000745  00000-0  17107-3 0  9997
2 26620  98.0176   3.2068 0001357  90.9793 287.8475 14.58164327756326
EROS A1                 
1 26631U 00079A   15042.09427410  .00038171  00000-0  12461-2 0  9999
2 26631  97.5582 128.9603 0007357 110.8490   8.2115 15.31642591787174
TES                     
1 26957U 01049A   15042.12428934  .00004696  00000-0  31198-3 0  9998
2 26957  97.6855 130.6569 0043736  70.8675 289.7214 15.06905666729158
BADR-B                  
1 27003U 01056C   15040.94384579  .00000005  00000-0  53392-4 0  9994
2 27003  99.2232 199.9991 0020756  51.1070 114.3611 13.70194337658567
MAROC-TUBSAT            
1 27004U 01056D   15042.05680838 -.00000007  00000-0  39924-4 0  9994
2 27004  99.2281 200.3595 0020346  50.1185  59.9177 13.70098486658671
SPOT 5                  
1 27421U 02021A   15042.12527409  .00000305  00000-0  16296-3 0  9998
2 27421  98.5296 102.2669 0001065 105.7090 306.4470 14.20126792662234
AQUA                    
1 27424U 02022A   15041.69860793  .00001025  00000-0  23747-3 0  9998
2 27424  98.2275 344.4786 0001116  90.7350   8.1542 14.57112224679408
IRS-P6 (RESOURCESAT-1)  
1 28051U 03046A   15042.17618618 -.00000446  00000-0 -18343-3 0  9997
2 28051  98.7009 122.3764 0002973 295.7506  64.3367 14.21630293587517
TANSUO 1 (TS 1)         
1 28220U 04012A   15041.86213090  .00004257  00000-0  38001-3 0  9994
2 28220  97.5825   4.9127 0011873 140.0333 250.3854 14.96410948588069
FORMOSAT-2 (ROCSAT 2)   
1 28254U 04018A   15042.07821856 -.00000010  00000-0  22852-4 0  9998
2 28254  99.0099 109.0064 0001075  83.3540  29.3439 14.00773856548609
AURA                    
1 28376U 04026A   15041.20454231  .00001529  00000-0  34936-3 0  9995
2 28376  98.2262 346.1599 0001152  90.4992 269.6349 14.57113913562384
PARASOL                 
1 28498U 04049G   15040.85000982  .00000909  00000-0  16823-3 0  9991
2 28498  98.5175  45.5420 0017036 113.2632 247.0367 14.67852746540371
IRS-P5 (CARTOSAT-1)     
1 28649U 05017A   15042.10858883 -.00000454  00000-0 -48895-4 0  9998
2 28649  97.8088 116.2514 0000712 355.2225   4.8969 14.83473065528917
TOPSAT                  
1 28891U 05043B   15042.09506319  .00000725  00000-0  15685-3 0  9997
2 28891  97.8172 231.1046 0016690 343.3334  16.7316 14.60903205495198
SINAH 1                 
1 28893U 05043D   15041.14306269  .00000320  00000-0  74081-4 0  9993
2 28893  97.8200 233.2734 0014699 344.6758 148.5232 14.61002116495148
EROS B                  
1 29079U 06014A   15042.23623046  .00023742  00000-0  11866-2 0  9998
2 29079  97.4502 161.7445 0014104 153.7339 291.0343 15.17366506487938
RESURS-DK 1             
1 29228U 06021A   15042.09782920  .00001546  00000-0  12759-3 0  9994
2 29228  69.9392 117.4956 0007449 234.8234 125.2249 15.01241084479423
ARIRANG-2 (KOMPSAT-2)   
1 29268U 06031A   15042.08761842  .00001144  00000-0  23851-3 0  9997
2 29268  98.1720 303.3511 0018369 168.7016 191.4604 14.61737045455757
LAPAN-TUBSAT            
1 29709U 07001A   15042.13618587  .00000779  00000-0  10524-3 0  9994
2 29709  97.6225  43.0540 0013811  24.7168 335.4706 14.81620259437053
CARTOSAT-2 (IRS-P7)     
1 29710U 07001B   15042.15452803  .00001391  00000-0  19654-3 0  9999
2 29710  97.9087 103.3324 0002040  55.9180 304.2228 14.78725187436544
HAIYANG-1B              
1 31113U 07010A   15042.14486401  .00000352  00000-0  15439-3 0  9992
2 31113  98.6923  94.0244 0015640 107.2151 253.0745 14.29697070408984
COSMO-SKYMED 1          
1 31598U 07023A   15042.06186028  .00000644  00000-0  87458-4 0  9991
2 31598  97.8797 227.8823 0001357  99.8142 260.3227 14.82158604415489
TERRASAR-X              
1 31698U 07026A   15042.10494172 -.00000347  00000-0 -13346-4 0  9999
2 31698  97.4449  50.9833 0001469  90.7106 356.0573 15.19148301424751
WORLDVIEW-1 (WV-1)      
1 32060U 07041A   15042.12793097  .00010013  00000-0  41360-3 0  9995
2 32060  97.8632 130.8869 0004910  52.2810  33.5772 15.24218359411682
YAOGAN 3                
1 32289U 07055A   15042.06505028  .00001029  00000-0  14203-3 0  9994
2 32289  97.9570  37.3134 0001233 113.7300 246.4046 14.80270756391906
COSMO-SKYMED 2          
1 32376U 07059A   15042.09557942  .00001142  00000-0  14998-3 0  9997
2 32376  97.8795 227.9138 0001178  79.1669 280.9652 14.82172785388236
RADARSAT-2              
1 32382U 07061A   15042.10339950  .00000099  00000-0  55267-4 0  9991
2 32382  98.5774  51.1647 0000965  93.8544 354.3794 14.29985576373809
CARTOSAT-2A             
1 32783U 08021A   15042.06397323  .00001255  00000-0  17796-3 0  9995
2 32783  97.9064 103.1467 0012139 204.3314 155.7339 14.78687865366474
IMS-1                   
1 32786U 08021D   15042.13920961  .00002904  00000-0  36183-3 0  9999
2 32786  97.6725  82.4787 0013032 144.6800 215.5298 14.83143501366942
JASON 2 (OSTM)          
1 33105U 08032A   15041.68664535 -.00000028  00000-0  14374-3 0  9992
2 33105  66.0414 102.8337 0008110 274.8177 219.0158 12.80930790310767
RAPIDEYE 2              
1 33312U 08040A   15042.21643757  .00001838  00000-0  25043-3 0  9998
2 33312  97.8756 131.2230 0011203 248.3038 111.7092 14.79867313348626
RAPIDEYE 5              
1 33313U 08040B   15042.10608680  .00001167  00000-0  16070-3 0  9998
2 33313  97.8677 129.5588 0018579 127.7467 232.5433 14.79985774348559
RAPIDEYE 1              
1 33314U 08040C   15042.16187271  .00001178  00000-0  16214-3 0  9995
2 33314  97.8737 130.9920 0022631 266.7102  93.1530 14.79981931348603
RAPIDEYE 3              
1 33315U 08040D   15041.99695119  .00000192  00000-0  32303-4 0  9994
2 33315  97.8655 129.2067 0012265 196.2503 163.8500 14.79866332348542
RAPIDEYE 4              
1 33316U 08040E   15042.18574410  .00001144  00000-0  15798-3 0  9993
2 33316  97.8644 129.0695 0012940 145.1618 215.0450 14.79984835348561
HUANJING 1A (HJ-1A)     
1 33320U 08041A   15042.16646707  .00001745  00000-0  26043-3 0  9998
2 33320  98.0468 104.7592 0025581 264.3724  95.4573 14.75884970346329
HUANJING 1B (HJ-1B)     
1 33321U 08041B   15042.13591231  .00001823  00000-0  27068-3 0  9992
2 33321  98.0502 105.4344 0034287 280.9965  78.7404 14.75894528346301
GEOEYE 1                
1 33331U 08042A   15042.07770228  .00000839  00000-0  16748-3 0  9991
2 33331  98.1180 118.9642 0010553  78.6940 281.5458 14.64419054343675
THEOS                   
1 33396U 08049A   15042.08450618  .00000120  00000-0  76786-4 0  9990
2 33396  98.6779 110.8729 0000937 102.0377  10.3346 14.20054617329831
COSMO-SKYMED 3          
1 33412U 08054A   15042.08291752  .00001155  00000-0  15149-3 0  9991
2 33412  97.8799 227.9006 0001219  80.3913 279.7426 14.82173761340696
YAOGAN 4                
1 33446U 08061A   15042.09126629  .00001354  00000-0  20439-3 0  9996
2 33446  97.6582  77.2953 0016550 203.5291 156.5170 14.75754339333575
GOSAT (IBUKI)           
1 33492U 09002A   15042.11070585 -.00000449  00000-0 -70682-4 0  9997
2 33492  98.0636 152.8884 0001475  80.6512 279.4908 14.67545006324129
YAOGAN 6                
1 34839U 09021A   15042.13335429  .00006357  00000-0  27658-3 0  9993
2 34839  97.2581 114.6357 0032810 110.6342 334.0292 15.22091911322022
RAZAKSAT                
1 35578U 09037A   15041.94888092  .00001514  00000-0  16947-3 0  9997
2 35578   8.9928 292.1778 0016069 176.3079 183.7220 14.66404904299390
DEIMOS-1                
1 35681U 09041A   15042.08740714  .00000895  00000-0  15304-3 0  9998
2 35681  98.0426 298.2485 0001839 142.3556 217.7788 14.71242168297092
DUBAISAT-1              
1 35682U 09041B   15042.05240771  .00001233  00000-0  22305-3 0  9990
2 35682  97.9173 285.2372 0012418  12.8836 347.2688 14.68017506296424
OCEANSAT 2              
1 35931U 09051A   15041.88294064  .00000603  00000-0  16391-3 0  9990
2 35931  98.2693 137.8236 0001234 332.0069 165.9400 14.50887367285147
WORLDVIEW-2 (WV-2)      
1 35946U 09055A   15042.09847758  .00000299  00000-0  11370-3 0  9991
2 35946  98.3987 120.3557 0001586 109.7791 250.3577 14.37757047280352
SMOS                    
1 36036U 09059A   15041.98819008  .00000387  00000-0  13715-3 0  9993
2 36036  98.4436 230.8822 0001012 105.1677 254.9623 14.39795601277271
YAOGAN 7                
1 36110U 09069A   15042.10659932  .00001387  00000-0  21311-3 0  9992
2 36110  98.0930 183.1057 0024195 337.7410  22.2742 14.75008643278524
TANDEM-X                
1 36605U 10030A   15042.10505831 -.00000387  00000-0 -15234-4 0  9998
2 36605  97.4449  51.0251 0002871 104.5945 342.1820 15.19148018257494
CARTOSAT 2B             
1 36795U 10035A   15042.09942039  .00001125  00000-0  16013-3 0  9990
2 36795  97.9114 102.3773 0013593 283.6302  76.3396 14.78711588247525
YAOGAN 10               
1 36834U 10038A   15042.15415901  .00001166  00000-0  15993-3 0  9998
2 36834  97.8827  39.6469 0001075  98.9929 261.1410 14.80265342243664
COSMO-SKYMED 4          
1 37216U 10060A   15042.18000709 -.00000273  00000-0 -27780-4 0  9995
2 37216  97.8795 227.9935 0001343  74.0797 286.0584 14.82153585230794
SAC-D                   
1 37673U 11024A   15042.00872598  .00000662  00000-0  11250-3 0  9991
2 37673  98.0125  50.7919 0001424 104.5955 308.0918 14.72333864197371
HAIYANG 2A              
1 37781U 11043A   15042.12818257  .00000351  00000-0  38539-3 0  9991
2 37781  99.3489  54.7496 0001396  97.3978 262.7394 13.79302013175855
RASAT                   
1 37791U 11044D   15042.14025342  .00000667  00000-0  13551-3 0  9997
2 37791  98.1655 131.4696 0021133 298.2373  61.6702 14.64249786186331
MEGHA-TROPIQUES         
1 37838U 11058A   15041.06388839  .00000466  00000-0  11363-3 0  9993
2 37838  19.9769 284.1730 0010223  13.8880 346.1804 14.09686580171870
SRMSAT                  
1 37841U 11058D   15041.04523660  .00000428  00000-0  90922-4 0  9995
2 37841  19.9712 277.3584 0011865  16.5226 131.8039 14.10439913171989
YAOGAN 13               
1 37941U 11072A   15042.07720756  .00010851  00000-0  53782-3 0  9994
2 37941  97.4497 330.4418 0001348  84.8210  43.7257 15.17919420177639
PLEIADES 1A             
1 38012U 11076F   15042.09768415  .00000660  00000-0  15171-3 0  9991
2 38012  98.1724 118.5222 0001304  88.3005 271.8348 14.58589945167926
ZIYUAN 1-02C (ZY 1-02C) 
1 38038U 11079A   15042.16747648  .00000454  00000-0  17308-3 0  9990
2 38038  98.4422 118.0082 0001299 103.5254 256.6082 14.35408949164551
ZIYUAN 3 (ZY 3)         
1 38046U 12001A   15042.15751323  .00009989  00000-0  44730-3 0  9990
2 38046  97.3784 119.4347 0002830 280.4087 155.7605 15.21456215171653
RISAT 1                 
1 38248U 12017A   15042.19746824  .00002713  00000-0  17587-3 0  9993
2 38248  97.5618  50.9263 0005019 104.1991 322.3971 15.08936691154003
ARIRANG-3 (KOMPSAT-3)   
1 38338U 12025B   15042.08293634  .00000920  00000-0  19319-3 0  9999
2 38338  98.1176 341.8940 0012513 118.5888 241.6580 14.61853800145999
SPOT 6                  
1 38755U 12047A   15042.11360569  .00000620  00000-0  14305-3 0  9999
2 38755  98.1689 110.9761 0001014  74.7402 285.3914 14.58568962129004
PLEIADES 1B             
1 39019U 12068A   15042.13207565  .00000658  00000-0  15115-3 0  9995
2 39019  98.1758 118.6301 0001180  87.7619 272.3723 14.58590355116784
GOKTURK 2               
1 39030U 12073A   15042.17061373  .00001839  00000-0  34936-3 0  9997
2 39030  98.0831 299.4284 0014188 318.7752  41.2293 14.65305103114835
LANDSAT 8               
1 39084U 13008A   15041.68184444  .00000619  00000-0  14742-3 0  9993
2 39084  98.1921 113.4780 0000788  82.2801 277.8500 14.57128549106185
SARAL                   
1 39086U 13009A   15042.06456418  .00000216  00000-0  96415-4 0  9993
2 39086  98.5415 231.7160 0001433  25.4017 334.7209 14.32252156102428
GAOFEN 1                
1 39150U 13018A   15042.17446909  .00001156  00000-0  17313-3 0  9994
2 39150  98.0097 124.8669 0017578 299.0446  60.9006 14.76494156 96789
VNREDSAT 1              
1 39160U 13021B   15042.12179815  .00001034  00000-0  21120-3 0  9999
2 39160  98.1611 120.2570 0000812  85.7901 274.3406 14.62942901 94293
ARIRANG-5 (KOMPSAT-5)   
1 39227U 13042A   15042.12761641  .00002767  00000-0  20173-3 0  9991
2 39227  97.5983 229.7682 0005460 336.5806 162.4053 15.04543854 80826
SKYSAT-1                
1 39418U 13066C   15042.18220133  .00003684  00000-0  32450-3 0  9991
2 39418  97.7666 122.3615 0020890 277.6691  82.2167 14.96932167 66786
DUBAISAT-2              
1 39419U 13066D   15042.14852544  .00001065  00000-0  10926-3 0  9990
2 39419  97.7626 119.4711 0012657 238.5145 121.4863 14.92456855 66611
GPM-CORE                
1 39574U 14009C   15042.14342076  .00033072  00000-0  46382-3 0  9992
2 39574  65.0175 314.7508 0007646 258.2558 101.7722 15.56572524 54203
SENTINEL-1A             
1 39634U 14016A   15042.18424581 -.00000061  00000-0 -33286-5 0  9998
2 39634  98.1806  51.0518 0001104  77.2455 282.8861 14.59199781 45711
KAZEOSAT 1              
1 39731U 14024A   15042.12114336  .00000352  00000-0  12081-3 0  9992
2 39731  98.4975 118.0286 0000929  72.2526 287.8769 14.41970330 41371
ALOS-2                  
1 39766U 14029A   15042.13924223  .00000314  00000-0  48902-4 0  9990
2 39766  97.9197 140.8040 0001462  90.9369 269.2016 14.79474838 38889
KAZEOSAT 2              
1 40010U 14033A   15042.04441343  .00001075  00000-0  14186-3 0  9997
2 40010  97.9666 300.7675 0018085 183.4030 176.7076 14.82041736 34983
HODOYOSHI-4             
1 40011U 14033B   15042.14078559  .00001822  00000-0  24668-3 0  9990
2 40011  97.9647 299.9516 0027196 169.8173 190.3607 14.79958774 34948
DEIMOS-2                
1 40013U 14033D   15042.13055782  .00002492  00000-0  30803-3 0  9996
2 40013  97.9497 301.5405 0000200 126.8887 233.2351 14.83700532 35050
HODOYOSHI-3             
1 40015U 14033F   15042.13403517  .00001408  00000-0  20303-3 0  9991
2 40015  97.9626 298.9723 0037628 165.5611 194.6685 14.77388885 34894
SPOT 7                  
1 40053U 14034A   15042.14869368 -.00000045  00000-0  00000+0 0  9990
2 40053  98.1753 111.2379 0000920  90.0159 270.1200 14.58569434 32945
SKYSAT-2                
1 40072U 14037D   15042.15515242  .00001353  00000-0  18526-3 0  9992
2 40072  98.3711 108.3954 0005548 285.1707  74.8900 14.80274513 32150
WORLDVIEW-3 (WV-3)      
1 40115U 14048A   15042.13271055  .00001656  00000-0  20097-3 0  9993
2 40115  97.9660 117.3572 0001872  45.9789 314.1590 14.84921988 26911
YAOGAN 21               
1 40143U 14053A   15042.12210417  .00011904  00000-0  47444-3 0  9996
2 40143  97.3962 119.1233 0012366  18.6847  40.6204 15.25291860 23787
YAOGAN 22               
1 40275U 14063A   15042.04154221 -.00000044  00000-0  00000+0 0  9991
2 40275 100.3311 162.0485 0006150 222.8567 137.2069 13.15288675 14952
ASNARO                  
1 40298U 14070A   15042.16601605  .00014221  00000-0  66837-3 0  9995
2 40298  97.4679 125.6525 0000837  63.5164 326.1861 15.19705196 14710
HODOYOSHI-1             
1 40299U 14070B   15042.16395397  .00006744  00000-0  33334-3 0  9991
2 40299  97.4650 125.3157 0012695 208.1880 181.3101 15.18099744 14694
CHUBUSAT-1              
1 40300U 14070C   15042.16363206  .00008343  00000-0  43311-3 0  9991
2 40300  97.4621 124.9863 0022245 210.0998 179.4966 15.16157846 14679
QSAT-EOS                
1 40301U 14070D   15042.11976000  .00014794  00000-0  79784-3 0  9999
2 40301  97.4588 124.5784 0033425 210.8115 236.9325 15.14378752 14645
TSUBAME                 
1 40302U 14070E   15042.08874227  .00008133  00000-0  47374-3 0  9994
2 40302  97.4566 124.1437 0043770 212.1833 265.2958 15.11446325 14601
YAOGAN 23               
1 40305U 14071A   15042.11363663  .00010583  00000-0  52431-3 0  9991
2 40305  97.3434 349.4882 0000361 166.8260 316.6045 15.17937197 13404
YAOGAN 24               
1 40310U 14072A   15042.10023356  .00001372  00000-0  20424-3 0  9992
2 40310  97.9160 162.9095 0016529 316.3663  43.6245 14.76433272 12214
CBERS-4                 
1 40336U 14079A   15042.11731796  .00000209  00000-0  88000-4 0  9995
2 40336  98.5376 118.7037 0001652  91.6615 268.4770 14.35424444  9452
RESURS P2               
1 40360U 14087A   15042.16068603  .00006089  00000-0  19047-3 0  9992
2 40360  97.2880 138.2658 0004603 303.5072 147.1136 15.33490722  7124
YAOGAN 26               
1 40362U 14088A   15042.16150855  .00014303  00000-0  55225-3 0  9992
2 40362  97.4319 118.7373 0005275  90.3088 324.6169 15.26365840  7016
SMAP                    
1 40376U 15003A   15042.08202440  .00000562  00000-0  11074-3 0  9990
2 40376  98.1260  51.1845 0018528 180.9256 179.1911 14.66197201  1532
