AKEBONO (EXOS-D)        
1 19822U 89016A   15040.90755056  .00053996  67745-6  12091-2 0  9995
2 19822  75.0431 161.6977 2148346 333.6356  91.8443 11.17108506810859
HST                     
1 20580U 90037B   15041.69197384  .00004195  00000-0  26324-3 0  9991
2 20580  28.4696 267.8993 0002975 324.4706  92.1025 15.06796822160704
POLAR                   
1 23802U 96013A   15038.67387796 -.00000130  00000-0  00000+0 0  9998
2 23802  78.8888 291.9561 7334920 359.7959   0.2759  1.29842456 90993
SWAS                    
1 25560U 98071A   15042.13883429  .00001725  00000-0  17925-3 0  9995
2 25560  69.8996 253.8967 0006847  15.0143 345.1214 14.91840774877632
ORSTED                  
1 25635U 99008B   15041.83569703  .00000533  00000-0  13493-3 0  9993
2 25635  96.4804 137.1125 0141507 101.3690  46.6096 14.47552466842180
CXO                     
1 25867U 99040B   15040.91410380  .00000540  00000-0  00000+0 0  9994
2 25867  77.0144 311.6415 7753511 270.8821   0.5475  0.37802787 12805
XMM-NEWTON              
1 25989U 99066A   15040.83286015 -.00000230  00000-0  00000+0 0  9991
2 25989  65.8625  47.0953 7897720  93.3246   0.3077  0.50315462 16585
TERRA                   
1 25994U 99068A   15042.20930807  .00000774  00000-0  18184-3 0  9995
2 25994  98.1988 118.4848 0001172  81.3549 278.7792 14.57113447805876
CLUSTER II-FM6 (SALSA)  
1 26410U 00041A   15041.10020588  .00000066  00000-0  00000+0 0  9994
2 26410 132.9802 322.4500 6078117 135.4297 359.3515  0.44471940 13702
CLUSTER II-FM7 (SAMBA)  
1 26411U 00041B   15038.93837403  .00000109  00000-0  00000+0 0  9992
2 26411 132.9340 322.5453 6094955 133.5252 359.1652  0.44216947 13777
CLUSTER II-FM5 (RUMBA)  
1 26463U 00045A   15041.19662179  .00000069  00000-0  00000+0 0  9996
2 26463 135.7011 321.4508 6163133 135.5986 359.2866  0.44219072 14287
CLUSTER II-FM8 (TANGO)  
1 26464U 00045B   15043.44922672 -.00000112  00000-0  00000+0 0  9994
2 26464 132.2179 324.5293 6544175 138.8959 359.4828  0.44225380 49631
ODIN                    
1 26702U 01007A   15041.15193396  .00006309  00000-0  45808-3 0  9999
2 26702  97.6467  55.9253 0014077  94.5925 265.6909 15.04157845762495
TIMED                   
1 26998U 01055B   15041.16869778  .00001276  00000-0  14648-3 0  9990
2 26998  74.0714 221.6879 0000509 223.6809 136.4331 14.87020849713890
RHESSI                  
1 27370U 02004A   15041.63110231  .00012377  00000-0  57979-3 0  9993
2 27370  38.0355 208.0461 0012929 311.6830  48.2830 15.19165026715308
INTEGRAL                
1 27540U 02048A   15040.99848888  .00000805  00000-0  00000+0 0  9996
2 27540  53.9221 224.5088 8551204 264.8007 359.8509  0.33293811 11194
CORIOLIS                
1 27640U 03001A   15041.68359412  .00000150  00000-0  93320-4 0  9999
2 27640  98.7540  52.0987 0013259 247.7936 227.7379 14.18800971626340
SORCE                   
1 27651U 03004A   15041.12844236  .00003472  00000-0  39277-3 0  9996
2 27651  39.9955  59.8081 0023699 329.9345  30.0082 14.87144574652920
MOST                    
1 27843U 03031D   15042.05424304  .00000092  00000-0  63223-4 0  9996
2 27843  98.7169  51.3480 0009121 328.3101 101.9852 14.20449938602275
SCISAT 1                
1 27858U 03036A   15041.68283424  .00000718  00000-0  10774-3 0  9998
2 27858  73.9329  79.6967 0008021   8.0796 131.0535 14.76624684619181
SWIFT                   
1 28485U 04047A   15042.02000914  .00005782  00000-0  40917-3 0  9996
2 28485  20.5587 358.0769 0011810 225.6296 134.3170 15.00819949559090
SUZAKU (ASTRO-EII)      
1 28773U 05025A   15041.22020947  .00008591  00000-0  49046-3 0  9995
2 28773  31.3837  86.9182 0004901  38.4170  14.7608 15.11468221527208
FORMOSAT-3 FM6          
1 29047U 06011A   15041.19600512  .00000383  00000-0  16784-3 0  9998
2 29047  71.9810 137.5007 0051198 193.8999 166.0732 14.28241750462253
FORMOSAT-3 FM1          
1 29048U 06011B   15041.15293159  .00000332  00000-0  14840-3 0  9995
2 29048  71.9687  50.6708 0042811 148.0348 256.7739 14.28213019464737
FORMOSAT-3 FM5          
1 29049U 06011C   15042.14834756  .00000367  00000-0  16286-3 0  9994
2 29049  72.0200 209.2461 0035362 190.7121 287.3100 14.28218809460645
FORMOSAT-3 FM3          
1 29050U 06011D   15040.52733113  .00002279  00000-0  50191-3 0  9998
2 29050  72.0169 196.7884 0052889 275.5160  83.9961 14.57526853471402
FORMOSAT-3 FM4          
1 29051U 06011E   15040.47479180  .00000201  00000-0  94881-4 0  9992
2 29051  72.0069 118.2008 0066810  63.6027 297.1946 14.28221576462994
FORMOSAT-3 FM2          
1 29052U 06011F   15041.96336971  .00000438  00000-0  19006-3 0  9995
2 29052  72.0355 183.6241 0039613 155.3937 343.6754 14.28324289461525
CLOUDSAT                
1 29107U 06016A   15042.02532197  .00000823  00000-0  19281-3 0  9990
2 29107  98.2280 347.5059 0000905  96.3180 263.8141 14.57105759467617
CALIPSO                 
1 29108U 06016B   15041.88685476  .00001757  00000-0  39981-3 0  9999
2 29108  98.2272 346.9104 0001033  84.7808 275.3516 14.57120619467520
HINODE (SOLAR-B)        
1 29479U 06041A   15041.03924484  .00000758  00000-0  15279-3 0  9994
2 29479  98.1431  42.1227 0017830  41.1925 319.0620 14.64238372447789
SJ-6C                   
1 29505U 06046A   15042.09064771  .00002238  00000-0  21801-3 0  9993
2 29505  97.7820  38.5442 0004455  69.9973 290.1724 14.93495510451896
SJ-6D                   
1 29506U 06046B   15042.07090859  .00002071  00000-0  20713-3 0  9994
2 29506  97.7972  37.3511 0003471 116.0504 244.1075 14.92522457451663
AGILE                   
1 31135U 07013A   15040.29407616  .00012266  00000-0  45589-3 0  9990
2 31135   2.4676 292.5069 0014822 359.3504   0.6530 15.23252011432161
AIM                     
1 31304U 07015A   15041.95885541  .00009474  00000-0  65007-3 0  9995
2 31304  97.9020 176.8338 0006271 156.2911 203.8605 15.06212919425558
FGRST (GLAST)           
1 33053U 08029A   15041.20197516  .00002724  00000-0  14790-3 0  9994
2 33053  25.5839  78.2164 0013355  84.4922 275.7136 15.09438707367452
IBEX                    
1 33401U 08051A   15032.41895533 -.00003137  00000-0  00000+0 0  9998
2 33401  15.1961 136.1755 6008669   1.7830 358.6104  0.12189929  2682
WISE                    
1 36119U 09071A   15041.59001093  .00007423  00000-0  31464-3 0  9992
2 36119  97.5093  56.6684 0004690  97.0078 263.1693 15.23420623285441
SDO                     
1 36395U 10005A   15041.25337755 -.00000058  00000-0  00000+0 0  9993
2 36395  28.0537 156.0674 0002651 179.7143 153.2681  1.00269350 18470
CRYOSAT 2               
1 36508U 10013A   15040.85060532  .00000299  00000-0  73073-4 0  9990
2 36508  92.0283 354.6658 0008907  37.4813 322.7014 14.52181708256598
PICARD                  
1 36598U 10028A   15042.14302254  .00000584  00000-0  16136-3 0  9992
2 36598  98.3015 228.0187 0003279  86.7545 273.4023 14.50222534246521
SPEKTR-R                
1 37755U 11037A   15047.58645658 -.00001331  00000-0  00000+0 0  9991
2 37755  57.6679 109.0900 6262912 190.3813   3.8448  0.11517077  1547
GCOM-W1 (SHIZUKU)       
1 38337U 12025A   15041.40192026  .00001154  00000-0  26625-3 0  9994
2 38337  98.2238 343.1053 0001057  58.8022 301.3281 14.57114759145456
NUSTAR                  
1 38358U 12031A   15041.38973206  .00004702  00000-0  44704-3 0  9998
2 38358   6.0275  49.0288 0013134 195.4252 164.5476 14.85906470144534
RBSP A                  
1 38752U 12046A   15039.95031578  .00000011  00000-0  96614-3 0  9995
2 38752   9.8182 229.6312 6831205  81.7904 344.6061  2.67375777 23868
RBSP B                  
1 38753U 12046B   15038.84552407 -.00000077  00000-0  14981-3 0  9992
2 38753   9.7970 234.0409 6838102  73.4411 347.1530  2.65864523 23728
NEOSSAT                 
1 39089U 13009D   15040.63899477  .00000206  00000-0  89230-4 0  9999
2 39089  98.6097 238.9579 0010196 323.3454  36.7032 14.34189614102324
BRITE-AUSTRIA           
1 39091U 13009F   15041.09565779  .00000217  00000-0  92269-4 0  9996
2 39091  98.6096 240.0971 0009813 335.3362  24.7353 14.34827126102433
UNIBRITE                
1 39092U 13009G   15041.15857415  .00000203  00000-0  87296-4 0  9994
2 39092  98.6095 239.9913 0008613 328.2254  31.8410 14.34699477102433
IRIS                    
1 39197U 13033A   15041.59149189  .00001620  00000-0  23278-3 0  9990
2 39197  97.9040 226.9784 0029402  70.1066 290.3308 14.77508619 87429
HISAKI (SPRINT-A)       
1 39253U 13049A   15042.18237046  .00000143  00000-0  10404-3 0  9992
2 39253  29.7219  38.6605 0136756 275.8156  82.6840 13.55104641 69906
CASSIOPE                
1 39265U 13055A   15040.95510786  .00025431  00000-0  80497-3 0  9996
2 39265  80.9799 176.1070 0742762 198.2387 309.3603 14.09730250 69894
DANDE                   
1 39267U 13055C   15041.65584970  .00021340  00000-0  69748-3 0  9993
2 39267  80.9947 176.5479 0753112 199.3594 157.7508 14.06848774 69911
STSAT-3                 
1 39422U 13066G   15042.15774811  .00002452  00000-0  27082-3 0  9997
2 39422  97.7565 115.9823 0023474 185.5927 174.5073 14.88157029 66393
BRITE-PL                
1 39431U 13066R   15040.70050481  .00000576  00000-0  13509-3 0  9990
2 39431  97.7165  85.4508 0202840 253.2987 104.5858 14.46328898 64328
SWARM B                 
1 39451U 13067A   15041.36282249  .00002119  00000-0  10000-3 0  9993
2 39451  87.7593 144.1492 0003619  70.1143 290.0639 15.18919243 67536
SWARM A                 
1 39452U 13067B   15041.22961566  .00008703  00000-0  24217-3 0  9995
2 39452  87.3533 122.0419 0003595  73.7314 286.4330 15.36663779 68104
SWARM C                 
1 39453U 13067C   15041.88077528  .00008822  00000-0  24539-3 0  9993
2 39453  87.3534 123.2102 0003622  75.5319 284.6335 15.36674568 68163
BRITE-TORONTO           
1 40020U 14033L   15042.14907313  .00001073  00000-0  19446-3 0  9995
2 40020  97.9512 294.4878 0088337 167.7831 192.5546 14.65788183 34511
OCO 2                   
1 40059U 14035A   15041.40009312  .00001153  00000-0  26605-3 0  9993
2 40059  98.2241 344.2908 0000940  64.9567 295.1728 14.57086538 32484
BRITE-PL 2              
1 40119U 14049B   15041.16050457  .00001882  00000-0  23706-3 0  9992
2 40119  98.0010 117.8382 0018060   9.1298 351.0308 14.83118419 25938
RESURS P2               
1 40360U 14087A   15042.16068603  .00006089  00000-0  19047-3 0  9992
2 40360  97.2880 138.2658 0004603 303.5072 147.1136 15.33490722  7124
