ISS (ZARYA)             
1 25544U 98067A   15042.16981383  .00152542  00000-0  22228-2 0  9998
2 25544  51.6464 353.3701 0005247 353.2190 148.9947 15.54664070928426
TIANGONG 1              
1 37820U 11053A   15042.21047281  .00059375  00000-0  48799-3 0  9996
2 37820  42.7700 311.4645 0012783 332.3235 159.1556 15.69461350193575
FLOCK 1B-24             
1 40122U 98067EU  15041.83908058  .00436048  00000-0  19719-2 0  9995
2 40122  51.6257 340.6019 0001842  27.1370  72.9005 15.82226775 63114
FLOCK 1B-23             
1 40123U 98067EV  15042.18889787  .00323870  49619-4  10777-2 0  9998
2 40123  51.6258 337.6694 0005382 151.6291 308.8641 15.89740512 63180
FLOCK 1B-2              
1 40132U 98067FB  15042.19649021  .00343307  00000-0  13265-2 0  9993
2 40132  51.6228 336.8542 0002684 121.5974  19.9971 15.85778074 27115
FLOCK 1B-8              
1 40133U 98067FC  15042.05378277  .00665873  18683-3  20676-2 0  9999
2 40133  51.6260 336.7724 0002359  60.8003  26.6184 15.91047177 63403
FLOCK 1B-17             
1 40140U 98067FF  15042.05973611  .00384279  67876-4  11005-2 0  9993
2 40140  51.6272 338.3164 0003111  48.6481  39.9677 15.92642755 24855
SPINSAT                 
1 40314U 98067FL  15041.87198578  .00027666  00000-0  41128-3 0  9992
2 40314  51.6446 354.6605 0006105   9.4453 350.6645 15.54930975 62988
DRAGON CRS-5            
1 40370U 15001A   15012.37614128  .00015029  00000-0  24160-3 0  9995
2 40370  51.6468 141.8063 0006103 243.0591 165.4479 15.53207751   319
AESP 14                 
1 40389U 98067FM  15042.09220200  .00135028  00000-0  18544-2 0  9994
2 40389  51.6467 353.7001 0005906  16.5651  73.7038 15.56340563  6392
