TDRS 3                  
1 19548U 88091B   15040.49992536 -.00000297  00000-0  00000+0 0  9998
2 19548  14.5420  17.4227 0039060 298.7406 300.8127  1.00275703 83818
HST                     
1 20580U 90037B   15041.69197384  .00004195  00000-0  26324-3 0  9991
2 20580  28.4696 267.8993 0002975 324.4706  92.1025 15.06796822160704
TDRS 5                  
1 21639U 91054B   15041.77640200  .00000091  00000-0  00000+0 0  9996
2 21639  13.5976  30.9441 0019344 323.5229 258.1396  1.00264997 86165
TDRS 6                  
1 22314U 93003B   15039.65800056 -.00000289  00000-0  00000+0 0  9994
2 22314  13.0569  33.7931 0006647 300.4239 355.2835  1.00274406 80832
TDRS 7                  
1 23613U 95035B   15041.65658000 -.00000197  00000-0  00000+0 0  9995
2 23613  14.4034  24.5919 0022107   0.6585  76.3819  1.00271445 71623
TRMM                    
1 25063U 97074A   15041.96158284  .00065605  00000-0  47695-3 0  9993
2 25063  34.9536 347.4797 0004267 261.2269 158.1517 15.72144199982040
ISS (ZARYA)             
1 25544U 98067A   15042.16981383  .00152542  00000-0  22228-2 0  9998
2 25544  51.6464 353.3701 0005247 353.2190 148.9947 15.54664070928426
LANDSAT 7               
1 25682U 99020A   15042.19605212  .00001172  00000-0  27012-3 0  9997
2 25682  98.2111 113.6830 0000667  85.9033 274.2394 14.57121027841796
TERRA                   
1 25994U 99068A   15042.20930807  .00000774  00000-0  18184-3 0  9995
2 25994  98.1988 118.4848 0001172  81.3549 278.7792 14.57113447805876
TDRS 8                  
1 26388U 00034A   15040.56307419 -.00000229  00000-0  00000+0 0  9992
2 26388   5.9619  64.1704 0005592 219.1832 147.8211  1.00277370 53614
EO-1                    
1 26619U 00075A   15042.09720027  .00001653  00000-0  32504-3 0  9997
2 26619  97.9464  95.8691 0008726 303.6826  56.3595 14.63850895758118
TIMED                   
1 26998U 01055B   15041.16869778  .00001276  00000-0  14648-3 0  9990
2 26998  74.0714 221.6879 0000509 223.6809 136.4331 14.87020849713890
TDRS 9                  
1 27389U 02011A   15040.41680725 -.00000266  00000-0  10000-3 0  9995
2 27389   3.4725  93.0040 0009774 292.5301 222.8624  1.00271821 48872
AQUA                    
1 27424U 02022A   15041.69860793  .00001025  00000-0  23747-3 0  9998
2 27424  98.2275 344.4786 0001116  90.7350   8.1542 14.57112224679408
TDRS 10                 
1 27566U 02055A   15039.56810534  .00000078  00000-0  00000+0 0  9992
2 27566   3.4922  62.3680 0008979 213.8506 252.2190  1.00275012 44660
SORCE                   
1 27651U 03004A   15041.12844236  .00003472  00000-0  39277-3 0  9996
2 27651  39.9955  59.8081 0023699 329.9345  30.0082 14.87144574652920
AURA                    
1 28376U 04026A   15041.20454231  .00001529  00000-0  34936-3 0  9995
2 28376  98.2262 346.1599 0001152  90.4992 269.6349 14.57113913562384
SWIFT                   
1 28485U 04047A   15042.02000914  .00005782  00000-0  40917-3 0  9996
2 28485  20.5587 358.0769 0011810 225.6296 134.3170 15.00819949559090
THEMIS A                
1 30580U 07004A   15041.65723873 -.00000150  00000-0  00000+0 0  9995
2 30580  13.4332 337.0594 8300296 241.9357 359.8124  1.00265738 29021
THEMIS D                
1 30797U 07004D   15041.83085559 -.00000018  00000-0  00000+0 0  9990
2 30797   8.3078 316.0757 8279185 262.0490 359.7869  1.00268285 28881
THEMIS E                
1 30798U 07004E   15041.74590725 -.00000073  00000-0  00000+0 0  9998
2 30798   9.1668 329.3404 8280227 250.1021 359.8083  1.00274775 29037
AIM                     
1 31304U 07015A   15041.95885541  .00009474  00000-0  65007-3 0  9995
2 31304  97.9020 176.8338 0006271 156.2911 203.8605 15.06212919425558
C/NOFS                  
1 32765U 08017A   15042.02852596  .00062608  00000-0  10974-2 0  9993
2 32765  12.9988 292.6082 0129196 332.9383 156.1752 15.39730789373394
FGRST (GLAST)           
1 33053U 08029A   15041.20197516  .00002724  00000-0  14790-3 0  9994
2 33053  25.5839  78.2164 0013355  84.4922 275.7136 15.09438707367452
WISE                    
1 36119U 09071A   15041.59001093  .00007423  00000-0  31464-3 0  9992
2 36119  97.5093  56.6684 0004690  97.0078 263.1693 15.23420623285441
TDRS 11                 
1 39070U 13004A   15041.50407198  .00000094  00000-0  00000+0 0  9994
2 39070   6.3723 330.2241 0010505 274.7701 265.5114  1.00269310  7458
TDRS 12                 
1 39504U 14004A   15040.92013889 -.00000270  00000-0  00000+0 0  9999
2 39504   6.7200 338.2814 0003510 353.2254  97.9319  1.00270441  3886
