ATLAS 5 CENTAUR R/B     
1 40375U 15002B   15039.94320397 -.00000179  00000-0  00000+0 0  9999
2 40375  18.9539 325.0569 6085491 184.0130 167.5319  2.08920865   402
SMAP                    
1 40376U 15003A   15042.08202440  .00000562  00000-0  11074-3 0  9990
2 40376  98.1260  51.1845 0018528 180.9256 179.1911 14.66197201  1532
FIREBIRD 3              
1 40377U 15003B   15042.01714781  .00020492  00000-0  10759-2 0  9992
2 40377  99.1245  52.3820 0165891 305.9699  52.6222 15.04585802  1563
FIREBIRD 4              
1 40378U 15003C   15042.01694469  .00020557  00000-0  10777-2 0  9995
2 40378  99.1255  52.3818 0166059 305.9673  52.6240 15.04615928  1564
GRIFEX                  
1 40379U 15003D   15042.01774361  .00016697  00000-0  88155-3 0  9992
2 40379  99.1269  52.3818 0165865 306.8895  51.7244 15.04461605  1565
EXOCUBE                 
1 40380U 15003E   15041.55311169  .00013704  00000-0  72928-3 0  9992
2 40380  99.1287  51.8351 0165740 307.5897  51.0369 15.04274046  1499
INMARSAT 5-F2           
1 40384U 15005A   15041.67877135 -.00000254  00000-0  00000+0 0  9996
2 40384   1.4789 326.0528 3038193 180.4793 309.3489  0.67982189   124
BREEZE-M R/B            
1 40385U 15005B   15033.64806413 -.00000488  00000-0  00000+0 0  9995
2 40385  28.0672 328.3474 7666547 182.3387   6.9538  1.10998905    15
BREEZE-M DEB [TANK]     
1 40386U 15005C   15041.95270446  .00002497  00000-0  11302-2 0  9991
2 40386  50.7727 320.9418 5177002 177.3833 187.1447  5.25029691   463
FAJR                    
1 40387U 15006A   15042.21824674  .00805907  10561-4  13120-2 0  9995
2 40387  55.5358 126.4477 0138825 183.5889 269.9165 15.87169736  1401
SAFIR 1B R/B            
1 40388U 15006B   15042.20212809  .00534636  10515-4  92687-3 0  9999
2 40388  55.5457 126.5318 0147521 184.7364 175.2248 15.84700403  1401
